n = 27
     0 108241   8972  40983   1503  21097   4601      0  21948   1377   8633   3333    876   9141    116    766      0      0   1458    199      0    114      0      0   5227    197 193721 
108241      0  95988  14576      0  26198    120      0  23900  11813   5482   1228    357    564      0   7335      0      0      0      0      0   4534      0      0      0      0  58454 
  8972  95988      0    843   4490   6984  24322   9241   9772  13812  13353  47830   5579    503  11409   4686  20004  14450   9514   2693   3670   1964    161      8    393      0 125322 
 40983  14576    843      0  59991    100  25745  15153   1437  11302  13545  28335   7721  22073   2350   3975   1762  12350   5243   3527   1430   3101    143      0      0      5  90969 
  1503      0   4490  59991      0   2488    108      0   9490      0      0   4500      0    556      0      0      0      0   1648      0      0      0      0      0      0      0  55925 
 21097  26198   6984    100   2488      0  40266   9189   4399  12847  27734   9338   5010    819   2394   6443   4768  14206  15361   1623   1833   2801      0      0      0      0  69406 
  4601    120  24322  25745    108  40266      0  42663  43130   1905   1244    927   2257   3537    228   1156     14     55   1297      0   2110   7514      0      0      0    267  53470 
     0      0   9241  15153      0   9189  42663      0   5512      0    820   2331    578    386      0      0      0      0   6613      0      0     70      0      0      0      4  67566 
 21948  23900   9772   1437   9490   4399  43130   5512      0  10467  19894   6050     88    304    220   5237   1972   7513   8616    241   7042   3024      0      0     69    183  60608 
  1377  11813  13812  11302      0  12847   1905      0  10467      0    431    315      0      0      0      0      0      0    485      0      0      0      0      0      0      0  58917 
  8633   5482  13353  13545      0  27734   1244    820  19894    431      0   2958   1158  10893     98     73      0   1546    672    644    660    446      0      0      0     23  71129 
  3333   1228  47830  28335   4500   9338    927   2331   6050    315   2958      0   7634   5340    495    460     82   1780    890    567   1099   1741      0      0      0      1  36307 
   876    357   5579   7721      0   5010   2257    578     88      0   1158   7634      0      0   9506      0     41   3273   2020    190      5      0      0      0      0      0  31392 
  9141    564    503  22073    556    819   3537    386    304      0  10893   5340      0      0   4018   2006      0   2011   5167   3464     14   2692    499    417      0      0  11010 
   116      0  11409   2350      0   2394    228      0    220      0     98    495   9506   4018      0      0      0    223    878      0      0      0    128      0      0      0  21865 
   766   7335   4686   3975      0   6443   1156      0   5237      0     73    460      0   2006      0      0      0      0    265      0    814      0      0      0     81      0   8300 
     0      0  20004   1762      0   4768     14      0   1972      0      0     82     41      0      0      0      0      0    243      0      0      0      0      0      0     66   1583 
     0      0  14450  12350      0  14206     55      0   7513      0   1546   1780   3273   2011    223      0      0      0    290    172      0      0      0      0      0      0  30947 
  1458      0   9514   5243   1648  15361   1297   6613   8616    485    672    890   2020   5167    878    265    243    290      0   1674    203    356      0      0      0    141  19310 
   199      0   2693   3527      0   1623      0      0    241      0    644    567    190   3464      0      0      0    172   1674      0      0      0      0      0     51      0   7513 
     0      0   3670   1430      0   1833   2110      0   7042      0    660   1099      5     14      0    814      0      0    203      0      0      0      0     41      0      0   5865 
   114   4534   1964   3101      0   2801   7514     70   3024      0    446   1741      0   2692      0      0      0      0    356      0      0      0      0      0      0      0  12734 
     0      0    161    143      0      0      0      0      0      0      0      0      0    499    128      0      0      0      0      0      0      0      0      0      0      0    619 
     0      0      8      0      0      0      0      0      0      0      0      0      0    417      0      0      0      0      0      0     41      0      0      0      0      0    429 
  5227      0    393      0      0      0      0      0     69      0      0      0      0      0      0     81      0      0      0     51      0      0      0      0      0      0     82 
   197      0      0      5      0      0    267      4    183      0     23      1      0      0      0      0     66      0    141      0      0      0      0      0      0      0     77 
193721  58454 125322  90969  55925  69406  53470  67566  60608  58917  71129  36307  31392  11010  21865   8300   1583  30947  19310   7513   5865  12734    619    429     82     77      0 
