n = 27
     0 103261   8925  46202   1446  25932   4718      0  27252   1290   8624   3160    842   9154    103    827      0      0   1473    165      0    103      0      0    215    195 189247 
103261      0  85899   9356      0  26247    145      0  33670  11927   5451   1199    330    592      0   7265      0      0      0      0      0   4509      0      0      0      0  63352 
  8925  85899      0    868   4497   7018  24403  19194   4757   8809  28566  42547   5545    501  11627   9724  20226  19284   9575   2713   3823   2039    158      6    389      0 130608 
 46202   9356    868      0  50286     98  35393  10009   1305  11240   8539  23340   7602  22055   2328   3944   1831  12284   5248   3567   1413   7997    165      0      0      1  95759 
  1446      0   4497  50286      0   2400    127      0   4427      0      0   4494      0    497      0      0      0      0   1563      0      0      0      0      0      0      0  61617 
 25932  26247   7018     98   2400      0  50386  14215   4391  12835  23212   9191   5007    877   2390   6296   4739  14167  15350   1664   1758   2784      0      0      0      0  59409 
  4718    145  24403  35393    127  50386      0  32384  28081   1850   1250   1005   7242   3607    214   1074     18     49   1203      0   2097   7530      0      0      0    238  58411 
     0      0  19194  10009      0  14215  32384      0   5506      0    836   2369    514    389      0      0      0      0   6741      0      0     63      0      0      0      6  67485 
 27252  33670   4757   1305   4427   4391  28081   5506      0  10418  30409   5975     91    281    220   5210   1931   7325   8474    274   2040   3204      0      0     77    163  60986 
  1290  11927   8809  11240      0  12835   1850      0  10418      0    422    331      0      0      0      0      0      0    484      0      0      0      0      0      0      0  48431 
  8624   5451  28566   8539      0  23212   1250    836  30409    422      0   2977   1226   5782     89     72      0   1557    659    700    671    450      0      0      0     42  76358 
  3160   1199  42547  23340   4494   9191   1005   2369   5975    331   2977      0   2760   5243    531    461     82   1779    883    551   1076   1807      0      0      0      0  36012 
   842    330   5545   7602      0   5007   7242    514     91      0   1226   2760      0      0   4543      0     38   3149   1974    184      3      0      0      0      0      0  31694 
  9154    592    501  22055    497    877   3607    389    281      0   5782   5243      0      0   4056   1995      0   2116  10066   3433     20   2766    468    422      0      0  10926 
   103      0  11627   2328      0   2390    214      0    220      0     89    531   4543   4056      0      0      0    232    839      0      0      0    162      0      0      0  26388 
   827   7265   9724   3944      0   6296   1074      0   5210      0     72    461      0   1995      0      0      0      0    232      0    777      0      0      0    102      0   8301 
     0      0  20226   1831      0   4739     18      0   1931      0      0     82     38      0      0      0      0      0    214      0      0      0      0      0      0     83   1646 
     0      0  19284  12284      0  14167     49      0   7325      0   1557   1779   3149   2116    232      0      0      0    239    173      0      0      0      0      0      0  31386 
  1473      0   9575   5248   1563  15350   1203   6741   8474    484    659    883   1974  10066    839    232    214    239      0   1538    154    376      0      0      0    126  19389 
   165      0   2713   3567      0   1664      0      0    274      0    700    551    184   3433      0      0      0    173   1538      0      0      0      0      0     67      0   7435 
     0      0   3823   1413      0   1758   2097      0   2040      0    671   1076      3     20      0    777      0      0    154      0      0      0      0     37      0      0   5696 
   103   4509   2039   7997      0   2784   7530     63   3204      0    450   1807      0   2766      0      0      0      0    376      0      0      0      0      0      0      0  12860 
     0      0    158    165      0      0      0      0      0      0      0      0      0    468    162      0      0      0      0      0      0      0      0      0      0      0    658 
     0      0      6      0      0      0      0      0      0      0      0      0      0    422      0      0      0      0      0      0     37      0      0      0      0      0    381 
   215      0    389      0      0      0      0      0     77      0      0      0      0      0      0    102      0      0      0     67      0      0      0      0      0      0     91 
   195      0      0      1      0      0    238      6    163      0     42      0      0      0      0      0     83      0    126      0      0      0      0      0      0      0     58 
189247  63352 130608  95759  61617  59409  58411  67485  60986  48431  76358  36012  31694  10926  26388   8301   1646  31386  19389   7435   5696  12860    658    381     91     58      0 
