n = 40
         0  3657938  1785235 90141501 77786025 15201532 85111843 49099950 44839861 53519155 19305655 26139741 20000794 27102871 17066130 10019039    294888 11431489  4804714  1550572  1396794  5024127          0          0    151551  3998688  3475308  6353198     12514     92273  5302708    167162          0    554544    605443          0    151514     95333          0 208400414 
 3657938          0  6256411 53687478 77488817 35779106 68608469 47506855 43405472 43190956 29488862 15006412 27940352 41457074 12446674  5603040          0  8320004  9998894  1368308 18873217  5592892     53293          0  1280029  5977250  2444252  1630123     15539          0          0    654957          0    384233    612087          0     75167      9011     23985 212316477 
 1785235  6256411          0 63711063 53530466 20025214 57202226 40531317 31563225 32196100 45417371  9002473 25875789 19638363  9505214 13164673 33400955  6772636  7521176    112354  1976904  6575870      9022     30058    460588    768022  3336089    949183          0          0          0          0          0    419388    237956          0    199498     70622     14415 207953780 
90141501 53687478 63711063          0  3990511 39043722    575526  8984136 27229118  1985443  4689937 12588096  5273746    630656     93305    554266  5773256    127013  1005936    927817          0    210782  1646465  1265588  2482848      8175          0          0  1036830  1828074    436230    384085    870662     60886    910891          0    276179     37731     12792 158174038 
77786025 77488817 53530466  3990511          0 33574362  4438545  3961280 27510150  5747692  6658142 10478449 21691055    531925  2554436  2201493    595127  7567577  6929129    725267    784017     65605  2181434  6163520  1490496          0    136580     15358  1243858  2558632     65642    109461          0          0     41509    211400    150545    180839    122076 50678712 
15201532 35779106 20025214 39043722 33574362          0 32911026 32552204 31545474 19004511 39028682  6925181  5048097 21518759 16665040 11294828    984657  8057555  4593609    233721  3527643  1761223    487838    485619          0  5404187     26323  2787953    808713     97120    210665          0          0    446983      8813     85979      9044     37263          0 22646598 
85111843 68608469 57202226    575526  4438545 32911026          0 17111494     42949    540918    394205  8211051     71300    839234     97037     52242    151678     47521    140992     58463          0      8821  1515019    440142  1276426          0     11836          0    583926    417041          0  1011992          0      8362     93851     31051    120843          0     37164 115037479 
49099950 47506855 40531317  8984136  3961280 32552204 17111494          0 42728516     15848 11603984 10455570     29444     32750  1943020  2216249  5159334  2867899     41018    400908  3539817  4745022    126384  1398385  2135577     74043    284200          0  3976801    386085          0  1436528          0     14602     45256  1067834     47455     39594    951819 37876034 
44839861 43405472 31563225 27229118 27510150 31545474     42949 42728516          0    147697  1909466 15634878    332139  4012884    128975    131833  1591975     58085    479037          0          0  3475812  2986435  2560798  2282016      8175          0  1170228    911630  1390048    186150    100140          0    174879     27288    435617    162521          0    136189 28977658 
53519155 43190956 32196100  1985443  5747692 19004511    540918     15848    147697          0    190701 19787122  8431665  1609991          0     62510    447981    361360  3512837          0          0     24181  3921380    602557    875251     26560     23768          0    790529    202645      8399  1122068          0          0    233080    842349     19283    432651    598204 75038858 
19305655 29488862 45417371  4689937  6658142 39028682    394205 11603984  1909466    190701          0  8256669    128746  2675944     25939    100139     17355      9715     78626     13185    135904  2298986  1418678    467766  2196431          0      9240    273886    393838    378218          0    177055          0          0     46732    653190     30029     55353          0 52265885 
26139741 15006412  9002473 12588096 10478449  6925181  8211051 10455570 15634878 19787122  8256669          0  4482369 11465673    491300  2181801          0  6701015  2549025 27807352  1695970    747819    206818    175797    711707    807175  2105656    301418    548274          0          0          0          0          0    108259          0          0     24349          0 24750095 
20000794 27940352 25875789  5273746 21691055  5048097     71300     29444    332139  8431665    128746  4482369          0  3387540     11355     77936     64818     17710     51662     21435    310184    124678    588549    310321    826714          0          0  1337384     36580  1455148    154529    887551          0          0     51156          0     40592          0     44233 66106863 
27102871 41457074 19638363    630656    531925 21518759    839234     32750  4012884  1609991  2675944 11465673  3387540          0  1745550    968918     28215  1582259  2211499    304680          0  5467135    935039  1287055  2266963     31032      8176          0    299920    639831          0    547208          0     12496     73643    100694    138599      9283    103062 29051701 
17066130 12446674  9505214     93305  2554436 16665040     97037  1943020    128975          0     25939    491300     11355  1745550          0      9969    139146      8940     20084          0          0          0    440848  1045853  1732665          0          0     60188    247673     85761          0    107834          0          0     12980     28331          0          0     24880 12478669 
10019039  5603040 13164673    554266  2201493 11294828     52242  2216249    131833     62510    100139  2181801     77936    968918      9969          0      8742     17741     15540          0          0    109640    154754    417697    949658          0          0     19887     32435    109209          0          0          0          0    128861     46627          0          0          0 24862775 
   294888          0 33400955  5773256    595127    984657    151678  5159334  1591975    447981     17355          0     64818     28215    139146      8742          0    138261          0          0 17691419    313417          0          0          0    142290     18259     85526          0          0          0          0          0          0          0          0          0          0          0    311453 
11431489  8320004  6772636    127013  7567577  8057555     47521  2867899     58085    361360      9715  6701015     17710  1582259      8940     17741    138261          0     42921          0          0    121342    349326    702403    142296          0          0          0    525194    550495          0     10513          0          0     78085     56298     20052    146584          0  8902115 
 4804714  9998894  7521176  1005936  6929129  4593609    140992     41018    479037  3512837     78626  2549025     51662  2211499     20084     15540          0     42921          0          0          0          0  1403087    344481    116425          0    661127          0     28132     68932          0    875811          0          0      9497          0    182176          0          0 10432727 
 1550572  1368308    112354    927817    725267    233721     58463    400908          0          0     13185 27807352     21435    304680          0          0          0          0          0          0          0          0          0     65395     68480          0          0          0          0     10739          0          0     24919          0          0          0          0          0          0 22785517 
 1396794 18873217  1976904          0    784017  3527643          0  3539817          0          0    135904  1695970    310184          0          0          0 17691419          0          0          0          0          0          0          0     14853          0          0          0          0          0  3747986     41254          0          0          0          0          0          0          0    106756 
 5024127  5592892  6575870    210782     65605  1761223      8821  4745022  3475812     24181  2298986    747819    124678  5467135          0    109640    313417    121342          0          0          0          0     13989    764791     17340     23625          0          0          0     10151    414324          0          0    162716          0          0     39649          0     23985  8002296 
         0     53293      9022  1646465  2181434    487838  1515019    126384  2986435  3921380  1418678    206818    588549    935039    440848    154754          0    349326  1403087          0          0     13989          0          0          0     19886          0     96890          0          0          0          0          0          0     22666          0          0          0          0 13703160 
         0          0     30058  1265588  6163520    485619    440142  1398385  2560798    602557    467766    175797    310321  1287055  1045853    417697          0    702403    344481     65395          0    764791          0          0          0          0  1005891    119056          0          0          0          0          0          0          0          0          0          0          0  5604927 
   151551  1280029    460588  2482848  1490496          0  1276426  2135577  2282016    875251  2196431    711707    826714  2266963  1732665    949658          0    142296    116425     68480     14853     17340          0          0          0    128113          0     45110          0          0          0          0          0          0          0          0          0          0          0    553503 
 3998688  5977250    768022      8175          0  5404187          0     74043      8175     26560          0    807175          0     31032          0          0    142290          0          0          0          0     23625     19886          0    128113          0          0          0     16887          0     48006          0          0          0     11586          0      8842          0     41970  3139656 
 3475308  2444252  3336089          0    136580     26323     11836    284200          0     23768      9240  2105656          0      8176          0          0     18259          0    661127          0          0          0          0  1005891          0          0          0          0          0          0          0    112630          0          0          0          0          0          0          0  6249047 
 6353198  1630123    949183          0     15358  2787953          0          0  1170228          0    273886    301418  1337384          0     60188     19887     85526          0          0          0          0          0     96890    119056     45110          0          0          0     19115    318696     30777          0          0          0     26396          0          0          0          0  1277672 
    12514     15539          0  1036830  1243858    808713    583926  3976801    911630    790529    393838    548274     36580    299920    247673     32435          0    525194     28132          0          0          0          0          0          0     16887          0     19115          0          0          0          0          0          0     16887          0          0          0          0    560415 
    92273          0          0  1828074  2558632     97120    417041    386085  1390048    202645    378218          0  1455148    639831     85761    109209          0    550495     68932     10739          0     10151          0          0          0          0          0    318696          0          0          0          0          0          0          0          0          0          0          0  1014808 
 5302708          0          0    436230     65642    210665          0          0    186150      8399          0          0    154529          0          0          0          0          0          0          0  3747986    414324          0          0          0     48006          0     30777          0          0          0          0          0          0          0          0          0          0          0          0 
   167162    654957          0    384085    109461          0  1011992  1436528    100140  1122068    177055          0    887551    547208    107834          0          0     10513    875811          0     41254          0          0          0          0          0    112630          0          0          0          0          0          0          0          0          0          0          0          0    750305 
         0          0          0    870662          0          0          0          0          0          0          0          0          0          0          0          0          0          0          0     24919          0          0          0          0          0          0          0          0          0          0          0          0          0          0          0          0          0          0          0  6813857 
   554544    384233    419388     60886          0    446983      8362     14602    174879          0          0          0          0     12496          0          0          0          0          0          0          0    162716          0          0          0          0          0          0          0          0          0          0          0          0          0          0     23938          0          0  2037903 
   605443    612087    237956    910891     41509      8813     93851     45256     27288    233080     46732    108259     51156     73643     12980    128861          0     78085      9497          0          0          0     22666          0          0     11586          0     26396     16887          0          0          0          0          0          0          0          0          0          0    284110 
         0          0          0          0    211400     85979     31051  1067834    435617    842349    653190          0          0    100694     28331     46627          0     56298          0          0          0          0          0          0          0          0          0          0          0          0          0          0          0          0          0          0          0          0          0    117148 
   151514     75167    199498    276179    150545      9044    120843     47455    162521     19283     30029          0     40592    138599          0          0          0     20052    182176          0          0     39649          0          0          0      8842          0          0          0          0          0          0          0     23938          0          0          0          0          0  1650852 
    95333      9011     70622     37731    180839     37263          0     39594          0    432651     55353     24349          0      9283          0          0          0    146584          0          0          0          0          0          0          0          0          0          0          0          0          0          0          0          0          0          0          0          0          0  1313939 
         0     23985     14415     12792    122076          0     37164    951819    136189    598204          0          0     44233    103062     24880          0          0          0          0          0          0     23985          0          0          0     41970          0          0          0          0          0          0          0          0          0          0          0          0          0     92156 
208400414 212316477 207953780 158174038 50678712 22646598 115037479 37876034 28977658 75038858 52265885 24750095 66106863 29051701 12478669 24862775    311453  8902115 10432727 22785517    106756  8002296 13703160  5604927    553503  3139656  6249047  1277672    560415  1014808          0    750305  6813857  2037903    284110    117148  1650852  1313939     92156          0 
