n = 40
         0    938656    311461 11325519 11769633  2158035  7091797  7829587  7121489  5489517  3520824  2361480  2232753  5113614  4758353  1402353     25490  1244275    421088    291968    129180    949913          0          0     29042    636485    200564    594535          0          0    937039          0          0    136102    103921          0          0          0          0 12532871 
   938656          0     86441  6813984  9833713  5041379  7656229  7288767  7685183  6220859  4215618  1248558  3533718  7671508  1686730    618894          0  1310468    933091    226610  2625819    995617          0          0     36533    766802    271747    148083          0          0          0    385706          0     40835     77644          0          0          0          0 28521038 
   311461     86441          0  6682052 11295219  1826452  5477907  5109758  4371458 17381210 14998645  1279524  7753964  1872686    873235  1608959  4599674    898217    469273     43526    461424    620492          0          0    433767     38842    439796    157000          0          0          0          0          0     48398     62878          0          0          0          0 19367550 
11325519  6813984  6682052          0    414818  3752990     59897  1804654  3304677    113070    323570  1869569    928369     60362          0     38464  1728231          0     81000     31032          0     19801    225020    129240    573583          0          0          0    145529    321792     89522          0     26543     19801     99170          0     54376          0          0 19737681 
11769633  9833713 11295219    414818          0  4598272    359758    915620  4084435    851619  1221763  2442157  2825502     92280    291844    540226     48508  1239220    968789     71940     88768          0    466207    748011    687254          0     77654          0     58678    176497          0          0          0          0          0     71161          0          0     28247 11612341 
 2158035  5041379  1826452  3752990  4598272          0  5024732  5671420  4121304  2372657  5496502    667022    604486  2685123  2166441  1479949    208565  1001466    430661    115136    396085    133300     56164    114306          0    453541          0    369007    189810          0     44673          0          0     24046          0     40326          0          0          0  4366078 
 7091797  7656229  5477907     59897    359758  5024732          0  2531397          0          0          0  1256863          0     91905          0          0     35178     20475     59897          0          0          0     86162    144033    388061          0          0          0    159151     37730          0    358285          0          0     31439          0          0          0     18157  5524177 
 7829587  7288767  5109758  1804654    915620  5671420  2531397          0  5726029          0  1397384  1434146          0          0     86145    634715     23601    100363          0     22898    699814  1115925     28499     66471    457050          0          0          0    613748    165281          0    149420          0          0          0     98646          0          0    247075  3279021 
 7121489  7685183  4371458  3304677  4084435  4121304          0  5726029          0          0    246092  3068609          0    538729          0     46123          0          0     72152          0          0     69231  1013703    191866    187663          0          0    247331    413883     53508    150683     33063          0          0          0     25317          0     18124          0  5174274 
 5489517  6220859 17381210    113070    851619  2372657          0          0          0          0          0  1480587    757171    330346          0     25328     64171    131505  1872825          0          0          0  1938742          0     89020          0          0          0    435521          0          0     61050          0          0     18218    338025          0    299114    200671 14396896 
 3520824  4215618 14998645    323570  1221763  5496502          0  1397384    246092          0          0    916966          0    260512          0     27270          0          0     18130          0     50657    567615     18186     61836    228251          0          0     22903     93470          0          0     33794          0          0     27968    200601          0     18124          0 17503139 
 2361480  1248558  1279524  1869569  2442157    667022  1256863  1434146  3068609  1480587    916966          0    682654  1513315     63994    119534          0  1020934    187410  1846324    206942    183880     22898     18218     20156    156656    220104          0    219297          0          0          0          0          0     22920          0          0          0          0  1137083 
 2232753  3533718  7753964    928369  2825502    604486          0          0          0    757171          0    682654          0    486003          0          0          0          0          0          0          0          0     34823     71773     55620          0          0    144545          0    203470     58141    102584          0          0          0          0          0          0          0 11463218 
 5113614  7671508  1872686     60362     92280  2685123     91905          0    538729    330346    260512  1513315    486003          0    468504    209625     19044    439780    132163    290592          0    702215    316660    106489     95766          0          0          0     59294     72392          0          0          0          0     22901          0          0          0          0  6226070 
 4758353  1686730    873235          0    291844  2166441          0     86145          0          0          0     63994          0    468504          0          0          0          0          0          0          0          0          0     90692    929916          0          0          0     48160          0          0          0          0          0          0          0          0          0          0  2356308 
 1402353    618894  1608959     38464    540226  1479949          0    634715     46123     25328     27270    119534          0    209625          0          0          0          0          0          0          0    109640     19582    161214    103498          0          0          0          0          0          0          0          0          0          0          0          0          0          0  3298786 
    25490          0  4599674  1728231     48508    208565     35178     23601          0     64171          0          0          0     19044          0          0          0     62112          0          0  1960507    115335          0          0          0          0          0          0          0          0          0          0          0          0          0          0          0          0          0    108802 
 1244275  1310468    898217          0  1239220  1001466     20475    100363          0    131505          0  1020934          0    439780          0          0     62112          0          0          0          0     19001     20156    111966     91926          0          0          0     33715          0          0          0          0          0     24902          0          0          0          0  1889243 
   421088    933091    469273     81000    968789    430661     59897          0     72152  1872825     18130    187410          0    132163          0          0          0          0          0          0          0          0  1385751          0          0          0          0          0          0          0          0    102584          0          0          0          0    182176          0          0  1196980 
   291968    226610     43526     31032     71940    115136          0     22898          0          0          0  1846324          0    290592          0          0          0          0          0          0          0          0          0          0     31825          0          0          0          0          0          0          0          0          0          0          0          0          0          0    820737 
   129180  2625819    461424          0     88768    396085          0    699814          0          0     50657    206942          0          0          0          0  1960507          0          0          0          0          0          0          0          0          0          0          0          0          0    474184          0          0          0          0          0          0          0          0          0 
   949913    995617    620492     19801          0    133300          0  1115925     69231          0    567615    183880          0    702215          0    109640    115335     19001          0          0          0          0          0          0          0          0          0          0          0          0    119836          0          0     26917          0          0          0          0          0    809354 
         0          0          0    225020    466207     56164     86162     28499  1013703  1938742     18186     22898     34823    316660          0     19582          0     20156  1385751          0          0          0          0          0          0          0          0          0          0          0          0          0          0          0          0          0          0          0          0    900753 
         0          0          0    129240    748011    114306    144033     66471    191866          0     61836     18218     71773    106489     90692    161214          0    111966          0          0          0          0          0          0          0          0          0          0          0          0          0          0          0          0          0          0          0          0          0    685713 
    29042     36533    433767    573583    687254          0    388061    457050    187663     89020    228251     20156     55620     95766    929916    103498          0     91926          0     31825          0          0          0          0          0     36533          0          0          0          0          0          0          0          0          0          0          0          0          0     20156 
   636485    766802     38842          0          0    453541          0          0          0          0          0    156656          0          0          0          0          0          0          0          0          0          0          0          0     36533          0          0          0          0          0          0          0          0          0          0          0          0          0          0    975681 
   200564    271747    439796          0     77654          0          0          0          0          0          0    220104          0          0          0          0          0          0          0          0          0          0          0          0          0          0          0          0          0          0          0     27421          0          0          0          0          0          0          0    602364 
   594535    148083    157000          0          0    369007          0          0    247331          0     22903          0    144545          0          0          0          0          0          0          0          0          0          0          0          0          0          0          0          0          0          0          0          0          0          0          0          0          0          0    530664 
         0          0          0    145529     58678    189810    159151    613748    413883    435521     93470    219297          0     59294     48160          0          0     33715          0          0          0          0          0          0          0          0          0          0          0          0          0          0          0          0          0          0          0          0          0     80660 
         0          0          0    321792    176497          0     37730    165281     53508          0          0          0    203470     72392          0          0          0          0          0          0          0          0          0          0          0          0          0          0          0          0          0          0          0          0          0          0          0          0          0     62112 
   937039          0          0     89522          0     44673          0          0    150683          0          0          0     58141          0          0          0          0          0          0          0    474184    119836          0          0          0          0          0          0          0          0          0          0          0          0          0          0          0          0          0          0 
         0    385706          0          0          0          0    358285    149420     33063     61050     33794          0    102584          0          0          0          0          0    102584          0          0          0          0          0          0          0     27421          0          0          0          0          0          0          0          0          0          0          0          0     33063 
         0          0          0     26543          0          0          0          0          0          0          0          0          0          0          0          0          0          0          0          0          0          0          0          0          0          0          0          0          0          0          0          0          0          0          0          0          0          0          0  5731455 
   136102     40835     48398     19801          0     24046          0          0          0          0          0          0          0          0          0          0          0          0          0          0          0     26917          0          0          0          0          0          0          0          0          0          0          0          0          0          0          0          0          0    256497 
   103921     77644     62878     99170          0          0     31439          0          0     18218     27968     22920          0     22901          0          0          0     24902          0          0          0          0          0          0          0          0          0          0          0          0          0          0          0          0          0          0          0          0          0     22901 
         0          0          0          0     71161     40326          0     98646     25317    338025    200601          0          0          0          0          0          0          0          0          0          0          0          0          0          0          0          0          0          0          0          0          0          0          0          0          0          0          0          0          0 
         0          0          0     54376          0          0          0          0          0          0          0          0          0          0          0          0          0          0    182176          0          0          0          0          0          0          0          0          0          0          0          0          0          0          0          0          0          0          0          0    593950 
         0          0          0          0          0          0          0          0     18124    299114     18124          0          0          0          0          0          0          0          0          0          0          0          0          0          0          0          0          0          0          0          0          0          0          0          0          0          0          0          0    299114 
         0          0          0          0     28247          0     18157    247075          0    200671          0          0          0          0          0          0          0          0          0          0          0          0          0          0          0          0          0          0          0          0          0          0          0          0          0          0          0          0          0          0 
12532871 28521038 19367550 19737681 11612341  4366078  5524177  3279021  5174274 14396896 17503139  1137083 11463218  6226070  2356308  3298786    108802  1889243  1196980    820737          0    809354    900753    685713     20156    975681    602364    530664     80660     62112          0     33063  5731455    256497     22901          0    593950    299114          0          0 

