n = 27
     0 103417   8956  35781   1549  25778   4645      0  27149   1273   8476   3282    868   8937     99    797      0      0   1431    197      0     92      0      0    195    203 174321 
103417      0  95726   9484      0  31232    122      0  33637  12155   5490   1256    321    596      0   7346      0      0      0      0      0   4470      0      0      0      0  67885 
  8956  95726      0    833   4501   6983  19475   9222   4777   8964  23527  47711   5408    499  11676   4862  25063  24386   9545   2677   8642   1899    154     10    411      0 125624 
 35781   9484    833      0  55192     74  35495   4992   1463  11193  13408  23385   7754  22369   2297   8757   1767  12209   5379   3500   1375   3091    166      0      0      3  96399 
  1549      0   4501  55192      0   2412    126      0   4500      0      0   4466      0    488      0      0      0      0   1488      0      0      0      0      0      0      0  66626 
 25778  31232   6983     74   2412      0  40309   9222   4480  12914  28229   9287   5025    818   2415   6406   4670   9288  10142   1677   1836   2887      0      0      0      0  74058 
  4645    122  19475  35495    126  40309      0  32423  28260   1824   1240    964   2220   3629    238   1105     11     49   1251      0   2154   7532      0      0      0    280  63426 
     0      0   9222   4992      0   9222  32423      0   5503      0    875   2308    577    370      0      0      0      0  11764      0      0     73      0      0      0      3  67423 
 27149  33637   4777   1463   4500   4480  28260   5503      0  10460  20340   6213     97    313    213   5279   1976   7339   8600    281   2038   3033      0      0     67    195  56237 
  1273  12155   8964  11193      0  12914   1824      0  10460      0    404    333      0      0      0      0      0      0    457      0      0      0      0      0      0      0  53442 
  8476   5490  23527  13408      0  28229   1240    875  20340    404      0   7958   1151  10883     76     77      0   1496    664    723    690    477      0      0      0     34  70742 
  3282   1256  47711  23385   4466   9287    964   2308   6213    333   7958      0   2649  10204    530    474     72   1951    905    585   1236   1752      0      0      0      1  40960 
   868    321   5408   7754      0   5025   2220    577     97      0   1151   2649      0      0   4485      0     35   3098   1978    203      6      0      0      0      0      0  36644 
  8937    596    499  22369    488    818   3629    370    313      0  10883  10204      0      0   4025   1963      0   2061   5062   3354     19   2731    480    470      0      0  11055 
    99      0  11676   2297      0   2415    238      0    213      0     76    530   4485   4025      0      0      0    221    893      0      0      0    116      0      0      0  21628 
   797   7346   4862   8757      0   6406   1105      0   5279      0     77    474      0   1963      0      0      0      0    224      0    793      0      0      0     99      0   8322 
     0      0  25063   1767      0   4670     11      0   1976      0      0     72     35      0      0      0      0      0    243      0      0      0      0      0      0     60   1623 
     0      0  24386  12209      0   9288     49      0   7339      0   1496   1951   3098   2061    221      0      0      0    251    154      0      0      0      0      0      0  31158 
  1431      0   9545   5379   1488  10142   1251  11764   8600    457    664    905   1978   5062    893    224    243    251      0   1622    157    360      0      0      0    125  19223 
   197      0   2677   3500      0   1677      0      0    281      0    723    585    203   3354      0      0      0    154   1622      0      0      0      0      0     62      0   7492 
     0      0   8642   1375      0   1836   2154      0   2038      0    690   1236      6     19      0    793      0      0    157      0      0      0      0     37      0      0   5785 
    92   4470   1899   3091      0   2887   7532     73   3033      0    477   1752      0   2731      0      0      0      0    360      0      0      0      0      0      0      0  17767 
     0      0    154    166      0      0      0      0      0      0      0      0      0    480    116      0      0      0      0      0      0      0      0      0      0      0    645 
     0      0     10      0      0      0      0      0      0      0      0      0      0    470      0      0      0      0      0      0     37      0      0      0      0      0    421 
   195      0    411      0      0      0      0      0     67      0      0      0      0      0      0     99      0      0      0     62      0      0      0      0      0      0     73 
   203      0      0      3      0      0    280      3    195      0     34      1      0      0      0      0     60      0    125      0      0      0      0      0      0      0     60 
174321  67885 125624  96399  66626  74058  63426  67423  56237  53442  70742  40960  36644  11055  21628   8322   1623  31158  19223   7492   5785  17767    645    421     73     60      0 
