n = 27
     0 118197   8917  35921   1444  25742   4642      0  27332   1305   8460   3217    908   9095    101    765      0      0   1495    195      0     95      0      0    208    206 194701 
118197      0  86316   9397      0  35974    126      0  28816  12065   5446   1274    350    597      0   7231      0      0      0      0      0   4473      0      0      0      0  78336 
  8917  86316      0    841   4450   7074  19496   9268   4823   9030  13412  42711   5618    496  11684   4845  14866  19320   9629   2740   3776   1948    151      8    384      0 125348 
 35921   9397    841      0  44965     87  35319   5206   1393  16387   8554  28843   7679  27146   2359   3936   1797  12055   5333   3446   1386   2956    170      0      0     12 116264 
  1444      0   4450  44965      0   2365    113      0   4431      0      0   4428      0    499      0      0      0      0   1622      0      0      0      0      0      0      0  51740 
 25742  35974   7074     87   2365      0  50407   8995   4464  12872  22863   9298   5019    848   2476  11412   4719   9308  10212   1702   1822   3044      0      0      0      0  68943 
  4642    126  19496  35319    113  50407      0  32848  28127   1890   1214    987   2241   3463    255   1135     10     64   1257      0   2108   7618      0      0      0    279  58452 
     0      0   9268   5206      0   8995  32848      0   5491      0    825   2241    573   5385      0      0      0      0   6586      0      0     66      0      0      0      1  72376 
 27332  28816   4823   1393   4431   4464  28127   5491      0  10399  20047   6123     85    297    225   5162   2076   7317   8597    268   2006   3038      0      0     67    219  60731 
  1305  12065   9030  16387      0  12872   1890      0  10399      0    397    326      0      0      0      0      0      0    451      0      0      0      0      0      0      0  48302 
  8460   5446  13412   8554      0  22863   1214    825  20047    397      0   2950   1171   5999     90     75      0   1541    648    702    664    424      0      0      0     50  70892 
  3217   1274  42711  28843   4428   9298    987   2241   6123    326   2950      0   2708   5303    535    484     80   1879    922    536   1148   1782      0      0      0      1  36202 
   908    350   5618   7679      0   5019   2241    573     85      0   1171   2708      0      0   4477      0     34   8186   1957    220      3      0      0      0      0      0  36613 
  9095    597    496  27146    499    848   3463   5385    297      0   5999   5303      0      0   4037   7023      0   2083   5228   3555     23   2672    484    454      0      0  10828 
   101      0  11684   2359      0   2476    255      0    225      0     90    535   4477   4037      0      0      0    207    865      0      0      0    159      0      0      0  21563 
   765   7231   4845   3936      0  11412   1135      0   5162      0     75    484      0   7023      0      0      0      0    242      0    777      0      0      0     91      0  13206 
     0      0  14866   1797      0   4719     10      0   2076      0      0     80     34      0      0      0      0      0    234      0      0      0      0      0      0     77   1672 
     0      0  19320  12055      0   9308     64      0   7317      0   1541   1879   8186   2083    207      0      0      0    271    154      0      0      0      0      0      0  30920 
  1495      0   9629   5333   1622  10212   1257   6586   8597    451    648    922   1957   5228    865    242    234    271      0   1572    173    379      0      0      0    128  19305 
   195      0   2740   3446      0   1702      0      0    268      0    702    536    220   3555      0      0      0    154   1572      0      0      0      0      0     78      0   7518 
     0      0   3776   1386      0   1822   2108      0   2006      0    664   1148      3     23      0    777      0      0    173      0      0      0      0     30      0      0   5598 
    95   4473   1948   2956      0   3044   7618     66   3038      0    424   1782      0   2672      0      0      0      0    379      0      0      0      0      0      0      0  12726 
     0      0    151    170      0      0      0      0      0      0      0      0      0    484    159      0      0      0      0      0      0      0      0      0      0      0    646 
     0      0      8      0      0      0      0      0      0      0      0      0      0    454      0      0      0      0      0      0     30      0      0      0      0      0    393 
   208      0    384      0      0      0      0      0     67      0      0      0      0      0      0     91      0      0      0     78      0      0      0      0      0      0     75 
   206      0      0     12      0      0    279      1    219      0     50      1      0      0      0      0     77      0    128      0      0      0      0      0      0      0     50 
194701  78336 125348 116264  51740  68943  58452  72376  60731  48302  70892  36202  36613  10828  21563  13206   1672  30920  19305   7518   5598  12726    646    393     75     50      0 
