n = 40
      0    5519    4307  145679  113552   18455   61430   67987   68041   63055   33429   25471   32520   28131   26044   12266     995   14593    5450    4264    2061   23700       0       0     484    6955   14652    2863       0       0    8052     439       0    1701    2189       0     293       0       0  129364 
   5519       0     640   69025  125571   74246   85079  127863   50532  147576   64697   31733   26375   70254   14032    7148       0   12541   28199       0   34363    6814     190       0    1221    8451    7939    1985       0       0       0    3582       0       0    1350       0       0       0       0  292047 
   4307     640       0   92372   71920   18562   56626   83062   41355   25877   61373    9241   39072   31690   16835   21566   54042   11914   10554       0    1147   18606       0       0    4013       0    6385     198       0       0       0       0       0     374    1138       0       0       0       0  209143 
 145679   69025   92372       0    9039   81554     270   13187   45632    2259    4308   25832   13866     816       0     648   19732       0    1061     441       0     379    2095    3194    5608       0       0       0       0    6766    1004     317     265       0    2004       0       0     259       0  274785 
 113552  125571   71920    9039       0   43553   11473    3280   48689    9508   10755   23124   21466     389    2896    1395    3071   12520    5115    4458    2889     210    5454    7452    7946       0       0       0    1299    4650       0     365       0       0       0     776       0       0     282   61576 
  18455   74246   18562   81554   43553       0   42505   48621   53347   22634   67459    8153   10733   27698   24625   19826    1250   15147    4708       0    3304    4543       0     240       0    6780     182    4067     212       0       0       0       0       0       0     281       0     187       0   39891 
  61430   85079   56626     270   11473   42505       0   25031     215     200    3536   12995     215    1535       0       0     182       0       0       0       0       0    2588       0    1716       0       0       0    1584       0       0    4673       0       0     314       0       0       0       0   53860 
  67987  127863   83062   13187    3280   48621   25031       0   56558       0   12773   18410       0     235    1569    2166       0    2001       0    3029    3832    6127       0     185    1260       0       0       0    5911    1652       0    1721       0       0       0    1698       0     187    1743  112057 
  68041   50532   41355   45632   48689   53347     215   56558       0       0    4531   26656     236    8017       0       0    4139       0     721       0       0   19333    2553     930    6139       0       0    1064    1497    3753       0     215       0     182       0     686     221       0       0   55037 
  63055  147576   25877    2259    9508   22634     200       0       0       0       0   66018    5221    4450       0       0    1310       0    5072       0       0       0    3790    1119     543       0       0       0     182       0       0     415       0       0     483     550       0       0    1929   99418 
  33429   64697   61373    4308   10755   67459    3536   12773    4531       0       0   15005       0    2441       0       0       0       0       0       0       0    3350    3935     661    4888       0       0       0     182       0       0       0       0       0       0     307       0       0       0   73498 
  25471   31733    9241   25832   23124    8153   12995   18410   26656   66018   15005       0    8336   21399     384    3865       0   12945    2136   28220     181     278     228       0     776    1665    1084     213    1605       0       0       0       0       0       0       0       0       0       0   80493 
  32520   26375   39072   13866   21466   10733     215       0     236    5221       0    8336       0    3299       0       0       0       0       0       0       0     577    1293    1205    1189       0       0    1017       0     499     280     696       0       0       0       0       0       0       0   72377 
  28131   70254   31690     816     389   27698    1535     235    8017    4450    2441   21399    3299       0    1448    1556       0    4766    2010       0       0   16572     934     657    5577       0       0       0       0     526       0     430       0       0       0       0     235       0     468   54115 
  26044   14032   16835       0    2896   24625       0    1569       0       0       0     384       0    1448       0       0       0       0       0       0       0       0       0    1673    4086       0       0       0       0       0       0     334       0       0       0       0       0       0       0   22720 
  12266    7148   21566     648    1395   19826       0    2166       0       0       0    3865       0    1556       0       0       0       0       0       0       0       0       0    1615    1621       0       0     198       0       0       0       0       0       0     440       0       0       0       0   37331 
    995       0   54042   19732    3071    1250     182       0    4139    1310       0       0       0       0       0       0       0       0       0       0   24602       0       0       0       0       0     182     566       0       0       0       0       0       0       0       0       0       0       0     592 
  14593   12541   11914       0   12520   15147       0    2001       0       0       0   12945       0    4766       0       0       0       0       0       0       0     225     859    1248     919       0       0       0     337     526       0       0       0       0     249       0       0       0       0    8906 
   5450   28199   10554    1061    5115    4708       0       0     721    5072       0    2136       0    2010       0       0       0       0       0       0       0       0       0    1605       0       0    2385       0       0       0       0     696       0       0       0       0    1821       0       0   12031 
   4264       0       0     441    4458       0       0    3029       0       0       0   28220       0       0       0       0       0       0       0       0       0       0       0       0       0       0       0       0       0       0       0       0       0       0       0       0       0       0       0   16026 
   2061   34363    1147       0    2889    3304       0    3832       0       0       0     181       0       0       0       0   24602       0       0       0       0       0       0       0       0       0       0       0       0       0    5386       0       0       0       0       0       0       0       0     181 
  23700    6814   18606     379     210    4543       0    6127   19333       0    3350     278     577   16572       0       0       0     225       0       0       0       0       0    5714       0       0       0       0       0       0    1198       0       0       0       0       0       0       0       0   20520 
      0     190       0    2095    5454       0    2588       0    2553    3790    3935     228    1293     934       0       0       0     859       0       0       0       0       0       0       0       0       0     484       0       0       0       0       0       0       0       0       0       0       0       0 
      0       0       0    3194    7452     240       0     185     930    1119     661       0    1205     657    1673    1615       0    1248    1605       0       0    5714       0       0       0       0       0     449       0       0       0       0       0       0       0       0       0       0       0    8045 
    484    1221    4013    5608    7946       0    1716    1260    6139     543    4888     776    1189    5577    4086    1621       0     919       0       0       0       0       0       0       0     554       0       0       0       0       0       0       0       0       0       0       0       0       0     856 
   6955    8451       0       0       0    6780       0       0       0       0       0    1665       0       0       0       0       0       0       0       0       0       0       0       0     554       0       0       0       0       0       0       0       0       0       0       0       0       0       0    4511 
  14652    7939    6385       0       0     182       0       0       0       0       0    1084       0       0       0       0     182       0    2385       0       0       0       0       0       0       0       0       0       0       0       0       0       0       0       0       0       0       0       0    3352 
   2863    1985     198       0       0    4067       0       0    1064       0       0     213    1017       0       0     198     566       0       0       0       0       0     484     449       0       0       0       0       0    1147       0       0       0       0       0       0       0       0       0    5306 
      0       0       0       0    1299     212    1584    5911    1497     182     182    1605       0       0       0       0       0     337       0       0       0       0       0       0       0       0       0       0       0       0       0       0       0       0       0       0       0       0       0     624 
      0       0       0    6766    4650       0       0    1652    3753       0       0       0     499     526       0       0       0     526       0       0       0       0       0       0       0       0       0    1147       0       0       0       0       0       0       0       0       0       0       0    4864 
   8052       0       0    1004       0       0       0       0       0       0       0       0     280       0       0       0       0       0       0       0    5386    1198       0       0       0       0       0       0       0       0       0       0       0       0       0       0       0       0       0     182 
    439    3582       0     317     365       0    4673    1721     215     415       0       0     696     430     334       0       0       0     696       0       0       0       0       0       0       0       0       0       0       0       0       0       0       0       0       0       0       0       0    1154 
      0       0       0     265       0       0       0       0       0       0       0       0       0       0       0       0       0       0       0       0       0       0       0       0       0       0       0       0       0       0       0       0       0       0       0       0       0       0       0     265 
   1701       0     374       0       0       0       0       0     182       0       0       0       0       0       0       0       0       0       0       0       0       0       0       0       0       0       0       0       0       0       0       0       0       0       0       0       0       0       0    5112 
   2189    1350    1138    2004       0       0     314       0       0     483       0       0       0       0       0     440       0     249       0       0       0       0       0       0       0       0       0       0       0       0       0       0       0       0       0       0       0       0       0     190 
      0       0       0       0     776     281       0    1698     686     550     307       0       0       0       0       0       0       0       0       0       0       0       0       0       0       0       0       0       0       0       0       0       0       0       0       0       0       0       0     195 
    293       0       0       0       0       0       0       0     221       0       0       0       0     235       0       0       0       0    1821       0       0       0       0       0       0       0       0       0       0       0       0       0       0       0       0       0       0       0       0    3565 
      0       0       0     259       0     187       0     187       0       0       0       0       0       0       0       0       0       0       0       0       0       0       0       0       0       0       0       0       0       0       0       0       0       0       0       0       0       0       0     259 
      0       0       0       0     282       0       0    1743       0    1929       0       0       0     468       0       0       0       0       0       0       0       0       0       0       0       0       0       0       0       0       0       0       0       0       0       0       0       0       0       0 
 129364  292047  209143  274785   61576   39891   53860  112057   55037   99418   73498   80493   72377   54115   22720   37331     592    8906   12031   16026     181   20520       0    8045     856    4511    3352    5306     624    4864     182    1154     265    5112     190     195    3565     259       0       0 
