n = 49
   0  204  323  408  473  527  572  204  259  345  419  481  532  576  323  345  395  449  500  545  586  408  419  449  487  527  565  601  473  481  500  527  558  589  619  527  532  545  565  589  614  640  572  576  586  601  619  640  662 
 204    0  204  323  408  473  527  259  204  259  345  419  481  532  345  323  345  395  449  500  545  419  408  419  449  487  527  565  481  473  481  500  527  558  589  532  527  532  545  565  589  614  576  572  576  586  601  619  640 
 323  204    0  204  323  408  473  345  259  204  259  345  419  481  395  345  323  345  395  449  500  449  419  408  419  449  487  527  500  481  473  481  500  527  558  545  532  527  532  545  565  589  586  576  572  576  586  601  619 
 408  323  204    0  204  323  408  419  345  259  204  259  345  419  449  395  345  323  345  395  449  487  449  419  408  419  449  487  527  500  481  473  481  500  527  565  545  532  527  532  545  565  601  586  576  572  576  586  601 
 473  408  323  204    0  204  323  481  419  345  259  204  259  345  500  449  395  345  323  345  395  527  487  449  419  408  419  449  558  527  500  481  473  481  500  589  565  545  532  527  532  545  619  601  586  576  572  576  586 
 527  473  408  323  204    0  204  532  481  419  345  259  204  259  545  500  449  395  345  323  345  565  527  487  449  419  408  419  589  558  527  500  481  473  481  614  589  565  545  532  527  532  640  619  601  586  576  572  576 
 572  527  473  408  323  204    0  576  532  481  419  345  259  204  586  545  500  449  395  345  323  601  565  527  487  449  419  408  619  589  558  527  500  481  473  640  614  589  565  545  532  527  662  640  619  601  586  576  572 
 204  259  345  419  481  532  576    0  204  323  408  473  527  572  204  259  345  419  481  532  576  323  345  395  449  500  545  586  408  419  449  487  527  565  601  473  481  500  527  558  589  619  527  532  545  565  589  614  640 
 259  204  259  345  419  481  532  204    0  204  323  408  473  527  259  204  259  345  419  481  532  345  323  345  395  449  500  545  419  408  419  449  487  527  565  481  473  481  500  527  558  589  532  527  532  545  565  589  614 
 345  259  204  259  345  419  481  323  204    0  204  323  408  473  345  259  204  259  345  419  481  395  345  323  345  395  449  500  449  419  408  419  449  487  527  500  481  473  481  500  527  558  545  532  527  532  545  565  589 
 419  345  259  204  259  345  419  408  323  204    0  204  323  408  419  345  259  204  259  345  419  449  395  345  323  345  395  449  487  449  419  408  419  449  487  527  500  481  473  481  500  527  565  545  532  527  532  545  565 
 481  419  345  259  204  259  345  473  408  323  204    0  204  323  481  419  345  259  204  259  345  500  449  395  345  323  345  395  527  487  449  419  408  419  449  558  527  500  481  473  481  500  589  565  545  532  527  532  545 
 532  481  419  345  259  204  259  527  473  408  323  204    0  204  532  481  419  345  259  204  259  545  500  449  395  345  323  345  565  527  487  449  419  408  419  589  558  527  500  481  473  481  614  589  565  545  532  527  532 
 576  532  481  419  345  259  204  572  527  473  408  323  204    0  576  532  481  419  345  259  204  586  545  500  449  395  345  323  601  565  527  487  449  419  408  619  589  558  527  500  481  473  640  614  589  565  545  532  527 
 323  345  395  449  500  545  586  204  259  345  419  481  532  576    0  204  323  408  473  527  572  204  259  345  419  481  532  576  323  345  395  449  500  545  586  408  419  449  487  527  565  601  473  481  500  527  558  589  619 
 345  323  345  395  449  500  545  259  204  259  345  419  481  532  204    0  204  323  408  473  527  259  204  259  345  419  481  532  345  323  345  395  449  500  545  419  408  419  449  487  527  565  481  473  481  500  527  558  589 
 395  345  323  345  395  449  500  345  259  204  259  345  419  481  323  204    0  204  323  408  473  345  259  204  259  345  419  481  395  345  323  345  395  449  500  449  419  408  419  449  487  527  500  481  473  481  500  527  558 
 449  395  345  323  345  395  449  419  345  259  204  259  345  419  408  323  204    0  204  323  408  419  345  259  204  259  345  419  449  395  345  323  345  395  449  487  449  419  408  419  449  487  527  500  481  473  481  500  527 
 500  449  395  345  323  345  395  481  419  345  259  204  259  345  473  408  323  204    0  204  323  481  419  345  259  204  259  345  500  449  395  345  323  345  395  527  487  449  419  408  419  449  558  527  500  481  473  481  500 
 545  500  449  395  345  323  345  532  481  419  345  259  204  259  527  473  408  323  204    0  204  532  481  419  345  259  204  259  545  500  449  395  345  323  345  565  527  487  449  419  408  419  589  558  527  500  481  473  481 
 586  545  500  449  395  345  323  576  532  481  419  345  259  204  572  527  473  408  323  204    0  576  532  481  419  345  259  204  586  545  500  449  395  345  323  601  565  527  487  449  419  408  619  589  558  527  500  481  473 
 408  419  449  487  527  565  601  323  345  395  449  500  545  586  204  259  345  419  481  532  576    0  204  323  408  473  527  572  204  259  345  419  481  532  576  323  345  395  449  500  545  586  408  419  449  487  527  565  601 
 419  408  419  449  487  527  565  345  323  345  395  449  500  545  259  204  259  345  419  481  532  204    0  204  323  408  473  527  259  204  259  345  419  481  532  345  323  345  395  449  500  545  419  408  419  449  487  527  565 
 449  419  408  419  449  487  527  395  345  323  345  395  449  500  345  259  204  259  345  419  481  323  204    0  204  323  408  473  345  259  204  259  345  419  481  395  345  323  345  395  449  500  449  419  408  419  449  487  527 
 487  449  419  408  419  449  487  449  395  345  323  345  395  449  419  345  259  204  259  345  419  408  323  204    0  204  323  408  419  345  259  204  259  345  419  449  395  345  323  345  395  449  487  449  419  408  419  449  487 
 527  487  449  419  408  419  449  500  449  395  345  323  345  395  481  419  345  259  204  259  345  473  408  323  204    0  204  323  481  419  345  259  204  259  345  500  449  395  345  323  345  395  527  487  449  419  408  419  449 
 565  527  487  449  419  408  419  545  500  449  395  345  323  345  532  481  419  345  259  204  259  527  473  408  323  204    0  204  532  481  419  345  259  204  259  545  500  449  395  345  323  345  565  527  487  449  419  408  419 
 601  565  527  487  449  419  408  586  545  500  449  395  345  323  576  532  481  419  345  259  204  572  527  473  408  323  204    0  576  532  481  419  345  259  204  586  545  500  449  395  345  323  601  565  527  487  449  419  408 
 473  481  500  527  558  589  619  408  419  449  487  527  565  601  323  345  395  449  500  545  586  204  259  345  419  481  532  576    0  204  323  408  473  527  572  204  259  345  419  481  532  576  323  345  395  449  500  545  586 
 481  473  481  500  527  558  589  419  408  419  449  487  527  565  345  323  345  395  449  500  545  259  204  259  345  419  481  532  204    0  204  323  408  473  527  259  204  259  345  419  481  532  345  323  345  395  449  500  545 
 500  481  473  481  500  527  558  449  419  408  419  449  487  527  395  345  323  345  395  449  500  345  259  204  259  345  419  481  323  204    0  204  323  408  473  345  259  204  259  345  419  481  395  345  323  345  395  449  500 
 527  500  481  473  481  500  527  487  449  419  408  419  449  487  449  395  345  323  345  395  449  419  345  259  204  259  345  419  408  323  204    0  204  323  408  419  345  259  204  259  345  419  449  395  345  323  345  395  449 
 558  527  500  481  473  481  500  527  487  449  419  408  419  449  500  449  395  345  323  345  395  481  419  345  259  204  259  345  473  408  323  204    0  204  323  481  419  345  259  204  259  345  500  449  395  345  323  345  395 
 589  558  527  500  481  473  481  565  527  487  449  419  408  419  545  500  449  395  345  323  345  532  481  419  345  259  204  259  527  473  408  323  204    0  204  532  481  419  345  259  204  259  545  500  449  395  345  323  345 
 619  589  558  527  500  481  473  601  565  527  487  449  419  408  586  545  500  449  395  345  323  576  532  481  419  345  259  204  572  527  473  408  323  204    0  576  532  481  419  345  259  204  586  545  500  449  395  345  323 
 527  532  545  565  589  614  640  473  481  500  527  558  589  619  408  419  449  487  527  565  601  323  345  395  449  500  545  586  204  259  345  419  481  532  576    0  204  323  408  473  527  572  204  259  345  419  481  532  576 
 532  527  532  545  565  589  614  481  473  481  500  527  558  589  419  408  419  449  487  527  565  345  323  345  395  449  500  545  259  204  259  345  419  481  532  204    0  204  323  408  473  527  259  204  259  345  419  481  532 
 545  532  527  532  545  565  589  500  481  473  481  500  527  558  449  419  408  419  449  487  527  395  345  323  345  395  449  500  345  259  204  259  345  419  481  323  204    0  204  323  408  473  345  259  204  259  345  419  481 
 565  545  532  527  532  545  565  527  500  481  473  481  500  527  487  449  419  408  419  449  487  449  395  345  323  345  395  449  419  345  259  204  259  345  419  408  323  204    0  204  323  408  419  345  259  204  259  345  419 
 589  565  545  532  527  532  545  558  527  500  481  473  481  500  527  487  449  419  408  419  449  500  449  395  345  323  345  395  481  419  345  259  204  259  345  473  408  323  204    0  204  323  481  419  345  259  204  259  345 
 614  589  565  545  532  527  532  589  558  527  500  481  473  481  565  527  487  449  419  408  419  545  500  449  395  345  323  345  532  481  419  345  259  204  259  527  473  408  323  204    0  204  532  481  419  345  259  204  259 
 640  614  589  565  545  532  527  619  589  558  527  500  481  473  601  565  527  487  449  419  408  586  545  500  449  395  345  323  576  532  481  419  345  259  204  572  527  473  408  323  204    0  576  532  481  419  345  259  204 
 572  576  586  601  619  640  662  527  532  545  565  589  614  640  473  481  500  527  558  589  619  408  419  449  487  527  565  601  323  345  395  449  500  545  586  204  259  345  419  481  532  576    0  204  323  408  473  527  572 
 576  572  576  586  601  619  640  532  527  532  545  565  589  614  481  473  481  500  527  558  589  419  408  419  449  487  527  565  345  323  345  395  449  500  545  259  204  259  345  419  481  532  204    0  204  323  408  473  527 
 586  576  572  576  586  601  619  545  532  527  532  545  565  589  500  481  473  481  500  527  558  449  419  408  419  449  487  527  395  345  323  345  395  449  500  345  259  204  259  345  419  481  323  204    0  204  323  408  473 
 601  586  576  572  576  586  601  565  545  532  527  532  545  565  527  500  481  473  481  500  527  487  449  419  408  419  449  487  449  395  345  323  345  395  449  419  345  259  204  259  345  419  408  323  204    0  204  323  408 
 619  601  586  576  572  576  586  589  565  545  532  527  532  545  558  527  500  481  473  481  500  527  487  449  419  408  419  449  500  449  395  345  323  345  395  481  419  345  259  204  259  345  473  408  323  204    0  204  323 
 640  619  601  586  576  572  576  614  589  565  545  532  527  532  589  558  527  500  481  473  481  565  527  487  449  419  408  419  545  500  449  395  345  323  345  532  481  419  345  259  204  259  527  473  408  323  204    0  204 
 662  640  619  601  586  576  572  640  614  589  565  545  532  527  619  589  558  527  500  481  473  601  565  527  487  449  419  408  586  545  500  449  395  345  323  576  532  481  419  345  259  204  572  527  473  408  323  204    0 

