n = 40
   0 0.204082 0.323462 0.408163 0.473863 0.527543 0.57293 0.612245 0.646923 0.677944 0.220964 0.30344 0.384618 0.451866 0.507743 0.555166 0.59623 0.632385 0.664654 0.693778 0.323462 0.345764 0.395255 0.449668 0.500429 0.545862 0.586274 0.622378 0.65487 0.684339 0.408163 0.419872 0.449668 0.487815 0.527543 0.565732 0.601305 0.634078 0.664203 0.69194 
0.204082    0 0.204082 0.323462 0.408163 0.473863 0.527543 0.57293 0.612245 0.646923 0.220964 0.220964 0.30344 0.384618 0.451866 0.507743 0.555166 0.59623 0.632385 0.664654 0.345764 0.323462 0.345764 0.395255 0.449668 0.500429 0.545862 0.586274 0.622378 0.65487 0.419872 0.408163 0.419872 0.449668 0.487815 0.527543 0.565732 0.601305 0.634078 0.664203 
0.323462 0.204082    0 0.204082 0.323462 0.408163 0.473863 0.527543 0.57293 0.612245 0.30344 0.220964 0.220964 0.30344 0.384618 0.451866 0.507743 0.555166 0.59623 0.632385 0.395255 0.345764 0.323462 0.345764 0.395255 0.449668 0.500429 0.545862 0.586274 0.622378 0.449668 0.419872 0.408163 0.419872 0.449668 0.487815 0.527543 0.565732 0.601305 0.634078 
0.408163 0.323462 0.204082    0 0.204082 0.323462 0.408163 0.473863 0.527543 0.57293 0.384618 0.30344 0.220964 0.220964 0.30344 0.384618 0.451866 0.507743 0.555166 0.59623 0.449668 0.395255 0.345764 0.323462 0.345764 0.395255 0.449668 0.500429 0.545862 0.586274 0.487815 0.449668 0.419872 0.408163 0.419872 0.449668 0.487815 0.527543 0.565732 0.601305 
0.473863 0.408163 0.323462 0.204082    0 0.204082 0.323462 0.408163 0.473863 0.527543 0.451866 0.384618 0.30344 0.220964 0.220964 0.30344 0.384618 0.451866 0.507743 0.555166 0.500429 0.449668 0.395255 0.345764 0.323462 0.345764 0.395255 0.449668 0.500429 0.545862 0.527543 0.487815 0.449668 0.419872 0.408163 0.419872 0.449668 0.487815 0.527543 0.565732 
0.527543 0.473863 0.408163 0.323462 0.204082    0 0.204082 0.323462 0.408163 0.473863 0.507743 0.451866 0.384618 0.30344 0.220964 0.220964 0.30344 0.384618 0.451866 0.507743 0.545862 0.500429 0.449668 0.395255 0.345764 0.323462 0.345764 0.395255 0.449668 0.500429 0.565732 0.527543 0.487815 0.449668 0.419872 0.408163 0.419872 0.449668 0.487815 0.527543 
0.57293 0.527543 0.473863 0.408163 0.323462 0.204082    0 0.204082 0.323462 0.408163 0.555166 0.507743 0.451866 0.384618 0.30344 0.220964 0.220964 0.30344 0.384618 0.451866 0.586274 0.545862 0.500429 0.449668 0.395255 0.345764 0.323462 0.345764 0.395255 0.449668 0.601305 0.565732 0.527543 0.487815 0.449668 0.419872 0.408163 0.419872 0.449668 0.487815 
0.612245 0.57293 0.527543 0.473863 0.408163 0.323462 0.204082    0 0.204082 0.323462 0.59623 0.555166 0.507743 0.451866 0.384618 0.30344 0.220964 0.220964 0.30344 0.384618 0.622378 0.586274 0.545862 0.500429 0.449668 0.395255 0.345764 0.323462 0.345764 0.395255 0.634078 0.601305 0.565732 0.527543 0.487815 0.449668 0.419872 0.408163 0.419872 0.449668 
0.646923 0.612245 0.57293 0.527543 0.473863 0.408163 0.323462 0.204082    0 0.204082 0.632385 0.59623 0.555166 0.507743 0.451866 0.384618 0.30344 0.220964 0.220964 0.30344 0.65487 0.622378 0.586274 0.545862 0.500429 0.449668 0.395255 0.345764 0.323462 0.345764 0.664203 0.634078 0.601305 0.565732 0.527543 0.487815 0.449668 0.419872 0.408163 0.419872 
0.677944 0.646923 0.612245 0.57293 0.527543 0.473863 0.408163 0.323462 0.204082    0 0.664654 0.632385 0.59623 0.555166 0.507743 0.451866 0.384618 0.30344 0.220964 0.220964 0.684339 0.65487 0.622378 0.586274 0.545862 0.500429 0.449668 0.395255 0.345764 0.323462 0.69194 0.664203 0.634078 0.601305 0.565732 0.527543 0.487815 0.449668 0.419872 0.408163 
0.220964 0.220964 0.30344 0.384618 0.451866 0.507743 0.555166 0.59623 0.632385 0.664654    0 0.204082 0.323462 0.408163 0.473863 0.527543 0.57293 0.612245 0.646923 0.677944 0.220964 0.220964 0.30344 0.384618 0.451866 0.507743 0.555166 0.59623 0.632385 0.664654 0.329442 0.329442 0.368848 0.422638 0.47569 0.523811 0.566653 0.604818 0.639036 0.66995 
0.30344 0.220964 0.220964 0.30344 0.384618 0.451866 0.507743 0.555166 0.59623 0.632385 0.204082    0 0.204082 0.323462 0.408163 0.473863 0.527543 0.57293 0.612245 0.646923 0.30344 0.220964 0.220964 0.30344 0.384618 0.451866 0.507743 0.555166 0.59623 0.632385 0.368848 0.329442 0.329442 0.368848 0.422638 0.47569 0.523811 0.566653 0.604818 0.639036 
0.384618 0.30344 0.220964 0.220964 0.30344 0.384618 0.451866 0.507743 0.555166 0.59623 0.323462 0.204082    0 0.204082 0.323462 0.408163 0.473863 0.527543 0.57293 0.612245 0.384618 0.30344 0.220964 0.220964 0.30344 0.384618 0.451866 0.507743 0.555166 0.59623 0.422638 0.368848 0.329442 0.329442 0.368848 0.422638 0.47569 0.523811 0.566653 0.604818 
0.451866 0.384618 0.30344 0.220964 0.220964 0.30344 0.384618 0.451866 0.507743 0.555166 0.408163 0.323462 0.204082    0 0.204082 0.323462 0.408163 0.473863 0.527543 0.57293 0.451866 0.384618 0.30344 0.220964 0.220964 0.30344 0.384618 0.451866 0.507743 0.555166 0.47569 0.422638 0.368848 0.329442 0.329442 0.368848 0.422638 0.47569 0.523811 0.566653 
0.507743 0.451866 0.384618 0.30344 0.220964 0.220964 0.30344 0.384618 0.451866 0.507743 0.473863 0.408163 0.323462 0.204082    0 0.204082 0.323462 0.408163 0.473863 0.527543 0.507743 0.451866 0.384618 0.30344 0.220964 0.220964 0.30344 0.384618 0.451866 0.507743 0.523811 0.47569 0.422638 0.368848 0.329442 0.329442 0.368848 0.422638 0.47569 0.523811 
0.555166 0.507743 0.451866 0.384618 0.30344 0.220964 0.220964 0.30344 0.384618 0.451866 0.527543 0.473863 0.408163 0.323462 0.204082    0 0.204082 0.323462 0.408163 0.473863 0.555166 0.507743 0.451866 0.384618 0.30344 0.220964 0.220964 0.30344 0.384618 0.451866 0.566653 0.523811 0.47569 0.422638 0.368848 0.329442 0.329442 0.368848 0.422638 0.47569 
0.59623 0.555166 0.507743 0.451866 0.384618 0.30344 0.220964 0.220964 0.30344 0.384618 0.57293 0.527543 0.473863 0.408163 0.323462 0.204082    0 0.204082 0.323462 0.408163 0.59623 0.555166 0.507743 0.451866 0.384618 0.30344 0.220964 0.220964 0.30344 0.384618 0.604818 0.566653 0.523811 0.47569 0.422638 0.368848 0.329442 0.329442 0.368848 0.422638 
0.632385 0.59623 0.555166 0.507743 0.451866 0.384618 0.30344 0.220964 0.220964 0.30344 0.612245 0.57293 0.527543 0.473863 0.408163 0.323462 0.204082    0 0.204082 0.323462 0.632385 0.59623 0.555166 0.507743 0.451866 0.384618 0.30344 0.220964 0.220964 0.30344 0.639036 0.604818 0.566653 0.523811 0.47569 0.422638 0.368848 0.329442 0.329442 0.368848 
0.664654 0.632385 0.59623 0.555166 0.507743 0.451866 0.384618 0.30344 0.220964 0.220964 0.646923 0.612245 0.57293 0.527543 0.473863 0.408163 0.323462 0.204082    0 0.204082 0.664654 0.632385 0.59623 0.555166 0.507743 0.451866 0.384618 0.30344 0.220964 0.220964 0.66995 0.639036 0.604818 0.566653 0.523811 0.47569 0.422638 0.368848 0.329442 0.329442 
0.693778 0.664654 0.632385 0.59623 0.555166 0.507743 0.451866 0.384618 0.30344 0.220964 0.677944 0.646923 0.612245 0.57293 0.527543 0.473863 0.408163 0.323462 0.204082    0 0.693778 0.664654 0.632385 0.59623 0.555166 0.507743 0.451866 0.384618 0.30344 0.220964 0.698092 0.66995 0.639036 0.604818 0.566653 0.523811 0.47569 0.422638 0.368848 0.329442 
0.323462 0.345764 0.395255 0.449668 0.500429 0.545862 0.586274 0.622378 0.65487 0.684339 0.220964 0.30344 0.384618 0.451866 0.507743 0.555166 0.59623 0.632385 0.664654 0.693778    0 0.204082 0.323462 0.408163 0.473863 0.527543 0.57293 0.612245 0.646923 0.677944 0.204082 0.259501 0.345764 0.419872 0.481024 0.532363 0.57639 0.614849 0.648953 0.679571 
0.345764 0.323462 0.345764 0.395255 0.449668 0.500429 0.545862 0.586274 0.622378 0.65487 0.220964 0.220964 0.30344 0.384618 0.451866 0.507743 0.555166 0.59623 0.632385 0.664654 0.204082    0 0.204082 0.323462 0.408163 0.473863 0.527543 0.57293 0.612245 0.646923 0.259501 0.204082 0.259501 0.345764 0.419872 0.481024 0.532363 0.57639 0.614849 0.648953 
0.395255 0.345764 0.323462 0.345764 0.395255 0.449668 0.500429 0.545862 0.586274 0.622378 0.30344 0.220964 0.220964 0.30344 0.384618 0.451866 0.507743 0.555166 0.59623 0.632385 0.323462 0.204082    0 0.204082 0.323462 0.408163 0.473863 0.527543 0.57293 0.612245 0.345764 0.259501 0.204082 0.259501 0.345764 0.419872 0.481024 0.532363 0.57639 0.614849 
0.449668 0.395255 0.345764 0.323462 0.345764 0.395255 0.449668 0.500429 0.545862 0.586274 0.384618 0.30344 0.220964 0.220964 0.30344 0.384618 0.451866 0.507743 0.555166 0.59623 0.408163 0.323462 0.204082    0 0.204082 0.323462 0.408163 0.473863 0.527543 0.57293 0.419872 0.345764 0.259501 0.204082 0.259501 0.345764 0.419872 0.481024 0.532363 0.57639 
0.500429 0.449668 0.395255 0.345764 0.323462 0.345764 0.395255 0.449668 0.500429 0.545862 0.451866 0.384618 0.30344 0.220964 0.220964 0.30344 0.384618 0.451866 0.507743 0.555166 0.473863 0.408163 0.323462 0.204082    0 0.204082 0.323462 0.408163 0.473863 0.527543 0.481024 0.419872 0.345764 0.259501 0.204082 0.259501 0.345764 0.419872 0.481024 0.532363 
0.545862 0.500429 0.449668 0.395255 0.345764 0.323462 0.345764 0.395255 0.449668 0.500429 0.507743 0.451866 0.384618 0.30344 0.220964 0.220964 0.30344 0.384618 0.451866 0.507743 0.527543 0.473863 0.408163 0.323462 0.204082    0 0.204082 0.323462 0.408163 0.473863 0.532363 0.481024 0.419872 0.345764 0.259501 0.204082 0.259501 0.345764 0.419872 0.481024 
0.586274 0.545862 0.500429 0.449668 0.395255 0.345764 0.323462 0.345764 0.395255 0.449668 0.555166 0.507743 0.451866 0.384618 0.30344 0.220964 0.220964 0.30344 0.384618 0.451866 0.57293 0.527543 0.473863 0.408163 0.323462 0.204082    0 0.204082 0.323462 0.408163 0.57639 0.532363 0.481024 0.419872 0.345764 0.259501 0.204082 0.259501 0.345764 0.419872 
0.622378 0.586274 0.545862 0.500429 0.449668 0.395255 0.345764 0.323462 0.345764 0.395255 0.59623 0.555166 0.507743 0.451866 0.384618 0.30344 0.220964 0.220964 0.30344 0.384618 0.612245 0.57293 0.527543 0.473863 0.408163 0.323462 0.204082    0 0.204082 0.323462 0.614849 0.57639 0.532363 0.481024 0.419872 0.345764 0.259501 0.204082 0.259501 0.345764 
0.65487 0.622378 0.586274 0.545862 0.500429 0.449668 0.395255 0.345764 0.323462 0.345764 0.632385 0.59623 0.555166 0.507743 0.451866 0.384618 0.30344 0.220964 0.220964 0.30344 0.646923 0.612245 0.57293 0.527543 0.473863 0.408163 0.323462 0.204082    0 0.204082 0.648953 0.614849 0.57639 0.532363 0.481024 0.419872 0.345764 0.259501 0.204082 0.259501 
0.684339 0.65487 0.622378 0.586274 0.545862 0.500429 0.449668 0.395255 0.345764 0.323462 0.664654 0.632385 0.59623 0.555166 0.507743 0.451866 0.384618 0.30344 0.220964 0.220964 0.677944 0.646923 0.612245 0.57293 0.527543 0.473863 0.408163 0.323462 0.204082    0 0.679571 0.648953 0.614849 0.57639 0.532363 0.481024 0.419872 0.345764 0.259501 0.204082 
0.408163 0.419872 0.449668 0.487815 0.527543 0.565732 0.601305 0.634078 0.664203 0.69194 0.329442 0.368848 0.422638 0.47569 0.523811 0.566653 0.604818 0.639036 0.66995 0.698092 0.204082 0.259501 0.345764 0.419872 0.481024 0.532363 0.57639 0.614849 0.648953 0.679571    0 0.204082 0.323462 0.408163 0.473863 0.527543 0.57293 0.612245 0.646923 0.677944 
0.419872 0.408163 0.419872 0.449668 0.487815 0.527543 0.565732 0.601305 0.634078 0.664203 0.329442 0.329442 0.368848 0.422638 0.47569 0.523811 0.566653 0.604818 0.639036 0.66995 0.259501 0.204082 0.259501 0.345764 0.419872 0.481024 0.532363 0.57639 0.614849 0.648953 0.204082    0 0.204082 0.323462 0.408163 0.473863 0.527543 0.57293 0.612245 0.646923 
0.449668 0.419872 0.408163 0.419872 0.449668 0.487815 0.527543 0.565732 0.601305 0.634078 0.368848 0.329442 0.329442 0.368848 0.422638 0.47569 0.523811 0.566653 0.604818 0.639036 0.345764 0.259501 0.204082 0.259501 0.345764 0.419872 0.481024 0.532363 0.57639 0.614849 0.323462 0.204082    0 0.204082 0.323462 0.408163 0.473863 0.527543 0.57293 0.612245 
0.487815 0.449668 0.419872 0.408163 0.419872 0.449668 0.487815 0.527543 0.565732 0.601305 0.422638 0.368848 0.329442 0.329442 0.368848 0.422638 0.47569 0.523811 0.566653 0.604818 0.419872 0.345764 0.259501 0.204082 0.259501 0.345764 0.419872 0.481024 0.532363 0.57639 0.408163 0.323462 0.204082    0 0.204082 0.323462 0.408163 0.473863 0.527543 0.57293 
0.527543 0.487815 0.449668 0.419872 0.408163 0.419872 0.449668 0.487815 0.527543 0.565732 0.47569 0.422638 0.368848 0.329442 0.329442 0.368848 0.422638 0.47569 0.523811 0.566653 0.481024 0.419872 0.345764 0.259501 0.204082 0.259501 0.345764 0.419872 0.481024 0.532363 0.473863 0.408163 0.323462 0.204082    0 0.204082 0.323462 0.408163 0.473863 0.527543 
0.565732 0.527543 0.487815 0.449668 0.419872 0.408163 0.419872 0.449668 0.487815 0.527543 0.523811 0.47569 0.422638 0.368848 0.329442 0.329442 0.368848 0.422638 0.47569 0.523811 0.532363 0.481024 0.419872 0.345764 0.259501 0.204082 0.259501 0.345764 0.419872 0.481024 0.527543 0.473863 0.408163 0.323462 0.204082    0 0.204082 0.323462 0.408163 0.473863 
0.601305 0.565732 0.527543 0.487815 0.449668 0.419872 0.408163 0.419872 0.449668 0.487815 0.566653 0.523811 0.47569 0.422638 0.368848 0.329442 0.329442 0.368848 0.422638 0.47569 0.57639 0.532363 0.481024 0.419872 0.345764 0.259501 0.204082 0.259501 0.345764 0.419872 0.57293 0.527543 0.473863 0.408163 0.323462 0.204082    0 0.204082 0.323462 0.408163 
0.634078 0.601305 0.565732 0.527543 0.487815 0.449668 0.419872 0.408163 0.419872 0.449668 0.604818 0.566653 0.523811 0.47569 0.422638 0.368848 0.329442 0.329442 0.368848 0.422638 0.614849 0.57639 0.532363 0.481024 0.419872 0.345764 0.259501 0.204082 0.259501 0.345764 0.612245 0.57293 0.527543 0.473863 0.408163 0.323462 0.204082    0 0.204082 0.323462 
0.664203 0.634078 0.601305 0.565732 0.527543 0.487815 0.449668 0.419872 0.408163 0.419872 0.639036 0.604818 0.566653 0.523811 0.47569 0.422638 0.368848 0.329442 0.329442 0.368848 0.648953 0.614849 0.57639 0.532363 0.481024 0.419872 0.345764 0.259501 0.204082 0.259501 0.646923 0.612245 0.57293 0.527543 0.473863 0.408163 0.323462 0.204082    0 0.204082 
0.69194 0.664203 0.634078 0.601305 0.565732 0.527543 0.487815 0.449668 0.419872 0.408163 0.66995 0.639036 0.604818 0.566653 0.523811 0.47569 0.422638 0.368848 0.329442 0.329442 0.679571 0.648953 0.614849 0.57639 0.532363 0.481024 0.419872 0.345764 0.259501 0.204082 0.677944 0.646923 0.612245 0.57293 0.527543 0.473863 0.408163 0.323462 0.204082    0 

