n = 40
   0  204  323  408  473  527  572  612  646  677  220  220  303  384  451  507  555  596  632  664  329  329  368  422  475  523  566  604  639  669  411  411  433  468  507  546  583  618  649  678 
 204    0  204  323  408  473  527  572  612  646  303  220  220  303  384  451  507  555  596  632  368  329  329  368  422  475  523  566  604  639  433  411  411  433  468  507  546  583  618  649 
 323  204    0  204  323  408  473  527  572  612  384  303  220  220  303  384  451  507  555  596  422  368  329  329  368  422  475  523  566  604  468  433  411  411  433  468  507  546  583  618 
 408  323  204    0  204  323  408  473  527  572  451  384  303  220  220  303  384  451  507  555  475  422  368  329  329  368  422  475  523  566  507  468  433  411  411  433  468  507  546  583 
 473  408  323  204    0  204  323  408  473  527  507  451  384  303  220  220  303  384  451  507  523  475  422  368  329  329  368  422  475  523  546  507  468  433  411  411  433  468  507  546 
 527  473  408  323  204    0  204  323  408  473  555  507  451  384  303  220  220  303  384  451  566  523  475  422  368  329  329  368  422  475  583  546  507  468  433  411  411  433  468  507 
 572  527  473  408  323  204    0  204  323  408  596  555  507  451  384  303  220  220  303  384  604  566  523  475  422  368  329  329  368  422  618  583  546  507  468  433  411  411  433  468 
 612  572  527  473  408  323  204    0  204  323  632  596  555  507  451  384  303  220  220  303  639  604  566  523  475  422  368  329  329  368  649  618  583  546  507  468  433  411  411  433 
 646  612  572  527  473  408  323  204    0  204  664  632  596  555  507  451  384  303  220  220  669  639  604  566  523  475  422  368  329  329  678  649  618  583  546  507  468  433  411  411 
 677  646  612  572  527  473  408  323  204    0  693  664  632  596  555  507  451  384  303  220  698  669  639  604  566  523  475  422  368  329  704  678  649  618  583  546  507  468  433  411 
 220  303  384  451  507  555  596  632  664  693    0  204  323  408  473  527  572  612  646  677  204  259  345  419  481  532  576  614  648  679  323  345  395  449  500  545  586  622  654  684 
 220  220  303  384  451  507  555  596  632  664  204    0  204  323  408  473  527  572  612  646  259  204  259  345  419  481  532  576  614  648  345  323  345  395  449  500  545  586  622  654 
 303  220  220  303  384  451  507  555  596  632  323  204    0  204  323  408  473  527  572  612  345  259  204  259  345  419  481  532  576  614  395  345  323  345  395  449  500  545  586  622 
 384  303  220  220  303  384  451  507  555  596  408  323  204    0  204  323  408  473  527  572  419  345  259  204  259  345  419  481  532  576  449  395  345  323  345  395  449  500  545  586 
 451  384  303  220  220  303  384  451  507  555  473  408  323  204    0  204  323  408  473  527  481  419  345  259  204  259  345  419  481  532  500  449  395  345  323  345  395  449  500  545 
 507  451  384  303  220  220  303  384  451  507  527  473  408  323  204    0  204  323  408  473  532  481  419  345  259  204  259  345  419  481  545  500  449  395  345  323  345  395  449  500 
 555  507  451  384  303  220  220  303  384  451  572  527  473  408  323  204    0  204  323  408  576  532  481  419  345  259  204  259  345  419  586  545  500  449  395  345  323  345  395  449 
 596  555  507  451  384  303  220  220  303  384  612  572  527  473  408  323  204    0  204  323  614  576  532  481  419  345  259  204  259  345  622  586  545  500  449  395  345  323  345  395 
 632  596  555  507  451  384  303  220  220  303  646  612  572  527  473  408  323  204    0  204  648  614  576  532  481  419  345  259  204  259  654  622  586  545  500  449  395  345  323  345 
 664  632  596  555  507  451  384  303  220  220  677  646  612  572  527  473  408  323  204    0  679  648  614  576  532  481  419  345  259  204  684  654  622  586  545  500  449  395  345  323 
 329  368  422  475  523  566  604  639  669  698  204  259  345  419  481  532  576  614  648  679    0  204  323  408  473  527  572  612  646  677  204  259  345  419  481  532  576  614  648  679 
 329  329  368  422  475  523  566  604  639  669  259  204  259  345  419  481  532  576  614  648  204    0  204  323  408  473  527  572  612  646  259  204  259  345  419  481  532  576  614  648 
 368  329  329  368  422  475  523  566  604  639  345  259  204  259  345  419  481  532  576  614  323  204    0  204  323  408  473  527  572  612  345  259  204  259  345  419  481  532  576  614 
 422  368  329  329  368  422  475  523  566  604  419  345  259  204  259  345  419  481  532  576  408  323  204    0  204  323  408  473  527  572  419  345  259  204  259  345  419  481  532  576 
 475  422  368  329  329  368  422  475  523  566  481  419  345  259  204  259  345  419  481  532  473  408  323  204    0  204  323  408  473  527  481  419  345  259  204  259  345  419  481  532 
 523  475  422  368  329  329  368  422  475  523  532  481  419  345  259  204  259  345  419  481  527  473  408  323  204    0  204  323  408  473  532  481  419  345  259  204  259  345  419  481 
 566  523  475  422  368  329  329  368  422  475  576  532  481  419  345  259  204  259  345  419  572  527  473  408  323  204    0  204  323  408  576  532  481  419  345  259  204  259  345  419 
 604  566  523  475  422  368  329  329  368  422  614  576  532  481  419  345  259  204  259  345  612  572  527  473  408  323  204    0  204  323  614  576  532  481  419  345  259  204  259  345 
 639  604  566  523  475  422  368  329  329  368  648  614  576  532  481  419  345  259  204  259  646  612  572  527  473  408  323  204    0  204  648  614  576  532  481  419  345  259  204  259 
 669  639  604  566  523  475  422  368  329  329  679  648  614  576  532  481  419  345  259  204  677  646  612  572  527  473  408  323  204    0  679  648  614  576  532  481  419  345  259  204 
 411  433  468  507  546  583  618  649  678  704  323  345  395  449  500  545  586  622  654  684  204  259  345  419  481  532  576  614  648  679    0  204  323  408  473  527  572  612  646  677 
 411  411  433  468  507  546  583  618  649  678  345  323  345  395  449  500  545  586  622  654  259  204  259  345  419  481  532  576  614  648  204    0  204  323  408  473  527  572  612  646 
 433  411  411  433  468  507  546  583  618  649  395  345  323  345  395  449  500  545  586  622  345  259  204  259  345  419  481  532  576  614  323  204    0  204  323  408  473  527  572  612 
 468  433  411  411  433  468  507  546  583  618  449  395  345  323  345  395  449  500  545  586  419  345  259  204  259  345  419  481  532  576  408  323  204    0  204  323  408  473  527  572 
 507  468  433  411  411  433  468  507  546  583  500  449  395  345  323  345  395  449  500  545  481  419  345  259  204  259  345  419  481  532  473  408  323  204    0  204  323  408  473  527 
 546  507  468  433  411  411  433  468  507  546  545  500  449  395  345  323  345  395  449  500  532  481  419  345  259  204  259  345  419  481  527  473  408  323  204    0  204  323  408  473 
 583  546  507  468  433  411  411  433  468  507  586  545  500  449  395  345  323  345  395  449  576  532  481  419  345  259  204  259  345  419  572  527  473  408  323  204    0  204  323  408 
 618  583  546  507  468  433  411  411  433  468  622  586  545  500  449  395  345  323  345  395  614  576  532  481  419  345  259  204  259  345  612  572  527  473  408  323  204    0  204  323 
 649  618  583  546  507  468  433  411  411  433  654  622  586  545  500  449  395  345  323  345  648  614  576  532  481  419  345  259  204  259  646  612  572  527  473  408  323  204    0  204 
 678  649  618  583  546  507  468  433  411  411  684  654  622  586  545  500  449  395  345  323  679  648  614  576  532  481  419  345  259  204  677  646  612  572  527  473  408  323  204    0 

