n = 49
   0 0.204082 0.323462 0.408163 0.473863 0.527543 0.57293 0.204082 0.259501 0.345764 0.419872 0.481024 0.532363 0.57639 0.323462 0.345764 0.395255 0.449668 0.500429 0.545862 0.586274 0.408163 0.419872 0.449668 0.487815 0.527543 0.565732 0.601305 0.473863 0.481024 0.500429 0.527543 0.558131 0.589415 0.619913 0.527543 0.532363 0.545862 0.565732 0.589415 0.614849 0.64065 0.57293 0.57639 0.586274 0.601305 0.619913 0.64065 0.662386 
0.204082    0 0.204082 0.323462 0.408163 0.473863 0.527543 0.259501 0.204082 0.259501 0.345764 0.419872 0.481024 0.532363 0.345764 0.323462 0.345764 0.395255 0.449668 0.500429 0.545862 0.419872 0.408163 0.419872 0.449668 0.487815 0.527543 0.565732 0.481024 0.473863 0.481024 0.500429 0.527543 0.558131 0.589415 0.532363 0.527543 0.532363 0.545862 0.565732 0.589415 0.614849 0.57639 0.57293 0.57639 0.586274 0.601305 0.619913 0.64065 
0.323462 0.204082    0 0.204082 0.323462 0.408163 0.473863 0.345764 0.259501 0.204082 0.259501 0.345764 0.419872 0.481024 0.395255 0.345764 0.323462 0.345764 0.395255 0.449668 0.500429 0.449668 0.419872 0.408163 0.419872 0.449668 0.487815 0.527543 0.500429 0.481024 0.473863 0.481024 0.500429 0.527543 0.558131 0.545862 0.532363 0.527543 0.532363 0.545862 0.565732 0.589415 0.586274 0.57639 0.57293 0.57639 0.586274 0.601305 0.619913 
0.408163 0.323462 0.204082    0 0.204082 0.323462 0.408163 0.419872 0.345764 0.259501 0.204082 0.259501 0.345764 0.419872 0.449668 0.395255 0.345764 0.323462 0.345764 0.395255 0.449668 0.487815 0.449668 0.419872 0.408163 0.419872 0.449668 0.487815 0.527543 0.500429 0.481024 0.473863 0.481024 0.500429 0.527543 0.565732 0.545862 0.532363 0.527543 0.532363 0.545862 0.565732 0.601305 0.586274 0.57639 0.57293 0.57639 0.586274 0.601305 
0.473863 0.408163 0.323462 0.204082    0 0.204082 0.323462 0.481024 0.419872 0.345764 0.259501 0.204082 0.259501 0.345764 0.500429 0.449668 0.395255 0.345764 0.323462 0.345764 0.395255 0.527543 0.487815 0.449668 0.419872 0.408163 0.419872 0.449668 0.558131 0.527543 0.500429 0.481024 0.473863 0.481024 0.500429 0.589415 0.565732 0.545862 0.532363 0.527543 0.532363 0.545862 0.619913 0.601305 0.586274 0.57639 0.57293 0.57639 0.586274 
0.527543 0.473863 0.408163 0.323462 0.204082    0 0.204082 0.532363 0.481024 0.419872 0.345764 0.259501 0.204082 0.259501 0.545862 0.500429 0.449668 0.395255 0.345764 0.323462 0.345764 0.565732 0.527543 0.487815 0.449668 0.419872 0.408163 0.419872 0.589415 0.558131 0.527543 0.500429 0.481024 0.473863 0.481024 0.614849 0.589415 0.565732 0.545862 0.532363 0.527543 0.532363 0.64065 0.619913 0.601305 0.586274 0.57639 0.57293 0.57639 
0.57293 0.527543 0.473863 0.408163 0.323462 0.204082    0 0.57639 0.532363 0.481024 0.419872 0.345764 0.259501 0.204082 0.586274 0.545862 0.500429 0.449668 0.395255 0.345764 0.323462 0.601305 0.565732 0.527543 0.487815 0.449668 0.419872 0.408163 0.619913 0.589415 0.558131 0.527543 0.500429 0.481024 0.473863 0.64065 0.614849 0.589415 0.565732 0.545862 0.532363 0.527543 0.662386 0.64065 0.619913 0.601305 0.586274 0.57639 0.57293 
0.204082 0.259501 0.345764 0.419872 0.481024 0.532363 0.57639    0 0.204082 0.323462 0.408163 0.473863 0.527543 0.57293 0.204082 0.259501 0.345764 0.419872 0.481024 0.532363 0.57639 0.323462 0.345764 0.395255 0.449668 0.500429 0.545862 0.586274 0.408163 0.419872 0.449668 0.487815 0.527543 0.565732 0.601305 0.473863 0.481024 0.500429 0.527543 0.558131 0.589415 0.619913 0.527543 0.532363 0.545862 0.565732 0.589415 0.614849 0.64065 
0.259501 0.204082 0.259501 0.345764 0.419872 0.481024 0.532363 0.204082    0 0.204082 0.323462 0.408163 0.473863 0.527543 0.259501 0.204082 0.259501 0.345764 0.419872 0.481024 0.532363 0.345764 0.323462 0.345764 0.395255 0.449668 0.500429 0.545862 0.419872 0.408163 0.419872 0.449668 0.487815 0.527543 0.565732 0.481024 0.473863 0.481024 0.500429 0.527543 0.558131 0.589415 0.532363 0.527543 0.532363 0.545862 0.565732 0.589415 0.614849 
0.345764 0.259501 0.204082 0.259501 0.345764 0.419872 0.481024 0.323462 0.204082    0 0.204082 0.323462 0.408163 0.473863 0.345764 0.259501 0.204082 0.259501 0.345764 0.419872 0.481024 0.395255 0.345764 0.323462 0.345764 0.395255 0.449668 0.500429 0.449668 0.419872 0.408163 0.419872 0.449668 0.487815 0.527543 0.500429 0.481024 0.473863 0.481024 0.500429 0.527543 0.558131 0.545862 0.532363 0.527543 0.532363 0.545862 0.565732 0.589415 
0.419872 0.345764 0.259501 0.204082 0.259501 0.345764 0.419872 0.408163 0.323462 0.204082    0 0.204082 0.323462 0.408163 0.419872 0.345764 0.259501 0.204082 0.259501 0.345764 0.419872 0.449668 0.395255 0.345764 0.323462 0.345764 0.395255 0.449668 0.487815 0.449668 0.419872 0.408163 0.419872 0.449668 0.487815 0.527543 0.500429 0.481024 0.473863 0.481024 0.500429 0.527543 0.565732 0.545862 0.532363 0.527543 0.532363 0.545862 0.565732 
0.481024 0.419872 0.345764 0.259501 0.204082 0.259501 0.345764 0.473863 0.408163 0.323462 0.204082    0 0.204082 0.323462 0.481024 0.419872 0.345764 0.259501 0.204082 0.259501 0.345764 0.500429 0.449668 0.395255 0.345764 0.323462 0.345764 0.395255 0.527543 0.487815 0.449668 0.419872 0.408163 0.419872 0.449668 0.558131 0.527543 0.500429 0.481024 0.473863 0.481024 0.500429 0.589415 0.565732 0.545862 0.532363 0.527543 0.532363 0.545862 
0.532363 0.481024 0.419872 0.345764 0.259501 0.204082 0.259501 0.527543 0.473863 0.408163 0.323462 0.204082    0 0.204082 0.532363 0.481024 0.419872 0.345764 0.259501 0.204082 0.259501 0.545862 0.500429 0.449668 0.395255 0.345764 0.323462 0.345764 0.565732 0.527543 0.487815 0.449668 0.419872 0.408163 0.419872 0.589415 0.558131 0.527543 0.500429 0.481024 0.473863 0.481024 0.614849 0.589415 0.565732 0.545862 0.532363 0.527543 0.532363 
0.57639 0.532363 0.481024 0.419872 0.345764 0.259501 0.204082 0.57293 0.527543 0.473863 0.408163 0.323462 0.204082    0 0.57639 0.532363 0.481024 0.419872 0.345764 0.259501 0.204082 0.586274 0.545862 0.500429 0.449668 0.395255 0.345764 0.323462 0.601305 0.565732 0.527543 0.487815 0.449668 0.419872 0.408163 0.619913 0.589415 0.558131 0.527543 0.500429 0.481024 0.473863 0.64065 0.614849 0.589415 0.565732 0.545862 0.532363 0.527543 
0.323462 0.345764 0.395255 0.449668 0.500429 0.545862 0.586274 0.204082 0.259501 0.345764 0.419872 0.481024 0.532363 0.57639    0 0.204082 0.323462 0.408163 0.473863 0.527543 0.57293 0.204082 0.259501 0.345764 0.419872 0.481024 0.532363 0.57639 0.323462 0.345764 0.395255 0.449668 0.500429 0.545862 0.586274 0.408163 0.419872 0.449668 0.487815 0.527543 0.565732 0.601305 0.473863 0.481024 0.500429 0.527543 0.558131 0.589415 0.619913 
0.345764 0.323462 0.345764 0.395255 0.449668 0.500429 0.545862 0.259501 0.204082 0.259501 0.345764 0.419872 0.481024 0.532363 0.204082    0 0.204082 0.323462 0.408163 0.473863 0.527543 0.259501 0.204082 0.259501 0.345764 0.419872 0.481024 0.532363 0.345764 0.323462 0.345764 0.395255 0.449668 0.500429 0.545862 0.419872 0.408163 0.419872 0.449668 0.487815 0.527543 0.565732 0.481024 0.473863 0.481024 0.500429 0.527543 0.558131 0.589415 
0.395255 0.345764 0.323462 0.345764 0.395255 0.449668 0.500429 0.345764 0.259501 0.204082 0.259501 0.345764 0.419872 0.481024 0.323462 0.204082    0 0.204082 0.323462 0.408163 0.473863 0.345764 0.259501 0.204082 0.259501 0.345764 0.419872 0.481024 0.395255 0.345764 0.323462 0.345764 0.395255 0.449668 0.500429 0.449668 0.419872 0.408163 0.419872 0.449668 0.487815 0.527543 0.500429 0.481024 0.473863 0.481024 0.500429 0.527543 0.558131 
0.449668 0.395255 0.345764 0.323462 0.345764 0.395255 0.449668 0.419872 0.345764 0.259501 0.204082 0.259501 0.345764 0.419872 0.408163 0.323462 0.204082    0 0.204082 0.323462 0.408163 0.419872 0.345764 0.259501 0.204082 0.259501 0.345764 0.419872 0.449668 0.395255 0.345764 0.323462 0.345764 0.395255 0.449668 0.487815 0.449668 0.419872 0.408163 0.419872 0.449668 0.487815 0.527543 0.500429 0.481024 0.473863 0.481024 0.500429 0.527543 
0.500429 0.449668 0.395255 0.345764 0.323462 0.345764 0.395255 0.481024 0.419872 0.345764 0.259501 0.204082 0.259501 0.345764 0.473863 0.408163 0.323462 0.204082    0 0.204082 0.323462 0.481024 0.419872 0.345764 0.259501 0.204082 0.259501 0.345764 0.500429 0.449668 0.395255 0.345764 0.323462 0.345764 0.395255 0.527543 0.487815 0.449668 0.419872 0.408163 0.419872 0.449668 0.558131 0.527543 0.500429 0.481024 0.473863 0.481024 0.500429 
0.545862 0.500429 0.449668 0.395255 0.345764 0.323462 0.345764 0.532363 0.481024 0.419872 0.345764 0.259501 0.204082 0.259501 0.527543 0.473863 0.408163 0.323462 0.204082    0 0.204082 0.532363 0.481024 0.419872 0.345764 0.259501 0.204082 0.259501 0.545862 0.500429 0.449668 0.395255 0.345764 0.323462 0.345764 0.565732 0.527543 0.487815 0.449668 0.419872 0.408163 0.419872 0.589415 0.558131 0.527543 0.500429 0.481024 0.473863 0.481024 
0.586274 0.545862 0.500429 0.449668 0.395255 0.345764 0.323462 0.57639 0.532363 0.481024 0.419872 0.345764 0.259501 0.204082 0.57293 0.527543 0.473863 0.408163 0.323462 0.204082    0 0.57639 0.532363 0.481024 0.419872 0.345764 0.259501 0.204082 0.586274 0.545862 0.500429 0.449668 0.395255 0.345764 0.323462 0.601305 0.565732 0.527543 0.487815 0.449668 0.419872 0.408163 0.619913 0.589415 0.558131 0.527543 0.500429 0.481024 0.473863 
0.408163 0.419872 0.449668 0.487815 0.527543 0.565732 0.601305 0.323462 0.345764 0.395255 0.449668 0.500429 0.545862 0.586274 0.204082 0.259501 0.345764 0.419872 0.481024 0.532363 0.57639    0 0.204082 0.323462 0.408163 0.473863 0.527543 0.57293 0.204082 0.259501 0.345764 0.419872 0.481024 0.532363 0.57639 0.323462 0.345764 0.395255 0.449668 0.500429 0.545862 0.586274 0.408163 0.419872 0.449668 0.487815 0.527543 0.565732 0.601305 
0.419872 0.408163 0.419872 0.449668 0.487815 0.527543 0.565732 0.345764 0.323462 0.345764 0.395255 0.449668 0.500429 0.545862 0.259501 0.204082 0.259501 0.345764 0.419872 0.481024 0.532363 0.204082    0 0.204082 0.323462 0.408163 0.473863 0.527543 0.259501 0.204082 0.259501 0.345764 0.419872 0.481024 0.532363 0.345764 0.323462 0.345764 0.395255 0.449668 0.500429 0.545862 0.419872 0.408163 0.419872 0.449668 0.487815 0.527543 0.565732 
0.449668 0.419872 0.408163 0.419872 0.449668 0.487815 0.527543 0.395255 0.345764 0.323462 0.345764 0.395255 0.449668 0.500429 0.345764 0.259501 0.204082 0.259501 0.345764 0.419872 0.481024 0.323462 0.204082    0 0.204082 0.323462 0.408163 0.473863 0.345764 0.259501 0.204082 0.259501 0.345764 0.419872 0.481024 0.395255 0.345764 0.323462 0.345764 0.395255 0.449668 0.500429 0.449668 0.419872 0.408163 0.419872 0.449668 0.487815 0.527543 
0.487815 0.449668 0.419872 0.408163 0.419872 0.449668 0.487815 0.449668 0.395255 0.345764 0.323462 0.345764 0.395255 0.449668 0.419872 0.345764 0.259501 0.204082 0.259501 0.345764 0.419872 0.408163 0.323462 0.204082    0 0.204082 0.323462 0.408163 0.419872 0.345764 0.259501 0.204082 0.259501 0.345764 0.419872 0.449668 0.395255 0.345764 0.323462 0.345764 0.395255 0.449668 0.487815 0.449668 0.419872 0.408163 0.419872 0.449668 0.487815 
0.527543 0.487815 0.449668 0.419872 0.408163 0.419872 0.449668 0.500429 0.449668 0.395255 0.345764 0.323462 0.345764 0.395255 0.481024 0.419872 0.345764 0.259501 0.204082 0.259501 0.345764 0.473863 0.408163 0.323462 0.204082    0 0.204082 0.323462 0.481024 0.419872 0.345764 0.259501 0.204082 0.259501 0.345764 0.500429 0.449668 0.395255 0.345764 0.323462 0.345764 0.395255 0.527543 0.487815 0.449668 0.419872 0.408163 0.419872 0.449668 
0.565732 0.527543 0.487815 0.449668 0.419872 0.408163 0.419872 0.545862 0.500429 0.449668 0.395255 0.345764 0.323462 0.345764 0.532363 0.481024 0.419872 0.345764 0.259501 0.204082 0.259501 0.527543 0.473863 0.408163 0.323462 0.204082    0 0.204082 0.532363 0.481024 0.419872 0.345764 0.259501 0.204082 0.259501 0.545862 0.500429 0.449668 0.395255 0.345764 0.323462 0.345764 0.565732 0.527543 0.487815 0.449668 0.419872 0.408163 0.419872 
0.601305 0.565732 0.527543 0.487815 0.449668 0.419872 0.408163 0.586274 0.545862 0.500429 0.449668 0.395255 0.345764 0.323462 0.57639 0.532363 0.481024 0.419872 0.345764 0.259501 0.204082 0.57293 0.527543 0.473863 0.408163 0.323462 0.204082    0 0.57639 0.532363 0.481024 0.419872 0.345764 0.259501 0.204082 0.586274 0.545862 0.500429 0.449668 0.395255 0.345764 0.323462 0.601305 0.565732 0.527543 0.487815 0.449668 0.419872 0.408163 
0.473863 0.481024 0.500429 0.527543 0.558131 0.589415 0.619913 0.408163 0.419872 0.449668 0.487815 0.527543 0.565732 0.601305 0.323462 0.345764 0.395255 0.449668 0.500429 0.545862 0.586274 0.204082 0.259501 0.345764 0.419872 0.481024 0.532363 0.57639    0 0.204082 0.323462 0.408163 0.473863 0.527543 0.57293 0.204082 0.259501 0.345764 0.419872 0.481024 0.532363 0.57639 0.323462 0.345764 0.395255 0.449668 0.500429 0.545862 0.586274 
0.481024 0.473863 0.481024 0.500429 0.527543 0.558131 0.589415 0.419872 0.408163 0.419872 0.449668 0.487815 0.527543 0.565732 0.345764 0.323462 0.345764 0.395255 0.449668 0.500429 0.545862 0.259501 0.204082 0.259501 0.345764 0.419872 0.481024 0.532363 0.204082    0 0.204082 0.323462 0.408163 0.473863 0.527543 0.259501 0.204082 0.259501 0.345764 0.419872 0.481024 0.532363 0.345764 0.323462 0.345764 0.395255 0.449668 0.500429 0.545862 
0.500429 0.481024 0.473863 0.481024 0.500429 0.527543 0.558131 0.449668 0.419872 0.408163 0.419872 0.449668 0.487815 0.527543 0.395255 0.345764 0.323462 0.345764 0.395255 0.449668 0.500429 0.345764 0.259501 0.204082 0.259501 0.345764 0.419872 0.481024 0.323462 0.204082    0 0.204082 0.323462 0.408163 0.473863 0.345764 0.259501 0.204082 0.259501 0.345764 0.419872 0.481024 0.395255 0.345764 0.323462 0.345764 0.395255 0.449668 0.500429 
0.527543 0.500429 0.481024 0.473863 0.481024 0.500429 0.527543 0.487815 0.449668 0.419872 0.408163 0.419872 0.449668 0.487815 0.449668 0.395255 0.345764 0.323462 0.345764 0.395255 0.449668 0.419872 0.345764 0.259501 0.204082 0.259501 0.345764 0.419872 0.408163 0.323462 0.204082    0 0.204082 0.323462 0.408163 0.419872 0.345764 0.259501 0.204082 0.259501 0.345764 0.419872 0.449668 0.395255 0.345764 0.323462 0.345764 0.395255 0.449668 
0.558131 0.527543 0.500429 0.481024 0.473863 0.481024 0.500429 0.527543 0.487815 0.449668 0.419872 0.408163 0.419872 0.449668 0.500429 0.449668 0.395255 0.345764 0.323462 0.345764 0.395255 0.481024 0.419872 0.345764 0.259501 0.204082 0.259501 0.345764 0.473863 0.408163 0.323462 0.204082    0 0.204082 0.323462 0.481024 0.419872 0.345764 0.259501 0.204082 0.259501 0.345764 0.500429 0.449668 0.395255 0.345764 0.323462 0.345764 0.395255 
0.589415 0.558131 0.527543 0.500429 0.481024 0.473863 0.481024 0.565732 0.527543 0.487815 0.449668 0.419872 0.408163 0.419872 0.545862 0.500429 0.449668 0.395255 0.345764 0.323462 0.345764 0.532363 0.481024 0.419872 0.345764 0.259501 0.204082 0.259501 0.527543 0.473863 0.408163 0.323462 0.204082    0 0.204082 0.532363 0.481024 0.419872 0.345764 0.259501 0.204082 0.259501 0.545862 0.500429 0.449668 0.395255 0.345764 0.323462 0.345764 
0.619913 0.589415 0.558131 0.527543 0.500429 0.481024 0.473863 0.601305 0.565732 0.527543 0.487815 0.449668 0.419872 0.408163 0.586274 0.545862 0.500429 0.449668 0.395255 0.345764 0.323462 0.57639 0.532363 0.481024 0.419872 0.345764 0.259501 0.204082 0.57293 0.527543 0.473863 0.408163 0.323462 0.204082    0 0.57639 0.532363 0.481024 0.419872 0.345764 0.259501 0.204082 0.586274 0.545862 0.500429 0.449668 0.395255 0.345764 0.323462 
0.527543 0.532363 0.545862 0.565732 0.589415 0.614849 0.64065 0.473863 0.481024 0.500429 0.527543 0.558131 0.589415 0.619913 0.408163 0.419872 0.449668 0.487815 0.527543 0.565732 0.601305 0.323462 0.345764 0.395255 0.449668 0.500429 0.545862 0.586274 0.204082 0.259501 0.345764 0.419872 0.481024 0.532363 0.57639    0 0.204082 0.323462 0.408163 0.473863 0.527543 0.57293 0.204082 0.259501 0.345764 0.419872 0.481024 0.532363 0.57639 
0.532363 0.527543 0.532363 0.545862 0.565732 0.589415 0.614849 0.481024 0.473863 0.481024 0.500429 0.527543 0.558131 0.589415 0.419872 0.408163 0.419872 0.449668 0.487815 0.527543 0.565732 0.345764 0.323462 0.345764 0.395255 0.449668 0.500429 0.545862 0.259501 0.204082 0.259501 0.345764 0.419872 0.481024 0.532363 0.204082    0 0.204082 0.323462 0.408163 0.473863 0.527543 0.259501 0.204082 0.259501 0.345764 0.419872 0.481024 0.532363 
0.545862 0.532363 0.527543 0.532363 0.545862 0.565732 0.589415 0.500429 0.481024 0.473863 0.481024 0.500429 0.527543 0.558131 0.449668 0.419872 0.408163 0.419872 0.449668 0.487815 0.527543 0.395255 0.345764 0.323462 0.345764 0.395255 0.449668 0.500429 0.345764 0.259501 0.204082 0.259501 0.345764 0.419872 0.481024 0.323462 0.204082    0 0.204082 0.323462 0.408163 0.473863 0.345764 0.259501 0.204082 0.259501 0.345764 0.419872 0.481024 
0.565732 0.545862 0.532363 0.527543 0.532363 0.545862 0.565732 0.527543 0.500429 0.481024 0.473863 0.481024 0.500429 0.527543 0.487815 0.449668 0.419872 0.408163 0.419872 0.449668 0.487815 0.449668 0.395255 0.345764 0.323462 0.345764 0.395255 0.449668 0.419872 0.345764 0.259501 0.204082 0.259501 0.345764 0.419872 0.408163 0.323462 0.204082    0 0.204082 0.323462 0.408163 0.419872 0.345764 0.259501 0.204082 0.259501 0.345764 0.419872 
0.589415 0.565732 0.545862 0.532363 0.527543 0.532363 0.545862 0.558131 0.527543 0.500429 0.481024 0.473863 0.481024 0.500429 0.527543 0.487815 0.449668 0.419872 0.408163 0.419872 0.449668 0.500429 0.449668 0.395255 0.345764 0.323462 0.345764 0.395255 0.481024 0.419872 0.345764 0.259501 0.204082 0.259501 0.345764 0.473863 0.408163 0.323462 0.204082    0 0.204082 0.323462 0.481024 0.419872 0.345764 0.259501 0.204082 0.259501 0.345764 
0.614849 0.589415 0.565732 0.545862 0.532363 0.527543 0.532363 0.589415 0.558131 0.527543 0.500429 0.481024 0.473863 0.481024 0.565732 0.527543 0.487815 0.449668 0.419872 0.408163 0.419872 0.545862 0.500429 0.449668 0.395255 0.345764 0.323462 0.345764 0.532363 0.481024 0.419872 0.345764 0.259501 0.204082 0.259501 0.527543 0.473863 0.408163 0.323462 0.204082    0 0.204082 0.532363 0.481024 0.419872 0.345764 0.259501 0.204082 0.259501 
0.64065 0.614849 0.589415 0.565732 0.545862 0.532363 0.527543 0.619913 0.589415 0.558131 0.527543 0.500429 0.481024 0.473863 0.601305 0.565732 0.527543 0.487815 0.449668 0.419872 0.408163 0.586274 0.545862 0.500429 0.449668 0.395255 0.345764 0.323462 0.57639 0.532363 0.481024 0.419872 0.345764 0.259501 0.204082 0.57293 0.527543 0.473863 0.408163 0.323462 0.204082    0 0.57639 0.532363 0.481024 0.419872 0.345764 0.259501 0.204082 
0.57293 0.57639 0.586274 0.601305 0.619913 0.64065 0.662386 0.527543 0.532363 0.545862 0.565732 0.589415 0.614849 0.64065 0.473863 0.481024 0.500429 0.527543 0.558131 0.589415 0.619913 0.408163 0.419872 0.449668 0.487815 0.527543 0.565732 0.601305 0.323462 0.345764 0.395255 0.449668 0.500429 0.545862 0.586274 0.204082 0.259501 0.345764 0.419872 0.481024 0.532363 0.57639    0 0.204082 0.323462 0.408163 0.473863 0.527543 0.57293 
0.57639 0.57293 0.57639 0.586274 0.601305 0.619913 0.64065 0.532363 0.527543 0.532363 0.545862 0.565732 0.589415 0.614849 0.481024 0.473863 0.481024 0.500429 0.527543 0.558131 0.589415 0.419872 0.408163 0.419872 0.449668 0.487815 0.527543 0.565732 0.345764 0.323462 0.345764 0.395255 0.449668 0.500429 0.545862 0.259501 0.204082 0.259501 0.345764 0.419872 0.481024 0.532363 0.204082    0 0.204082 0.323462 0.408163 0.473863 0.527543 
0.586274 0.57639 0.57293 0.57639 0.586274 0.601305 0.619913 0.545862 0.532363 0.527543 0.532363 0.545862 0.565732 0.589415 0.500429 0.481024 0.473863 0.481024 0.500429 0.527543 0.558131 0.449668 0.419872 0.408163 0.419872 0.449668 0.487815 0.527543 0.395255 0.345764 0.323462 0.345764 0.395255 0.449668 0.500429 0.345764 0.259501 0.204082 0.259501 0.345764 0.419872 0.481024 0.323462 0.204082    0 0.204082 0.323462 0.408163 0.473863 
0.601305 0.586274 0.57639 0.57293 0.57639 0.586274 0.601305 0.565732 0.545862 0.532363 0.527543 0.532363 0.545862 0.565732 0.527543 0.500429 0.481024 0.473863 0.481024 0.500429 0.527543 0.487815 0.449668 0.419872 0.408163 0.419872 0.449668 0.487815 0.449668 0.395255 0.345764 0.323462 0.345764 0.395255 0.449668 0.419872 0.345764 0.259501 0.204082 0.259501 0.345764 0.419872 0.408163 0.323462 0.204082    0 0.204082 0.323462 0.408163 
0.619913 0.601305 0.586274 0.57639 0.57293 0.57639 0.586274 0.589415 0.565732 0.545862 0.532363 0.527543 0.532363 0.545862 0.558131 0.527543 0.500429 0.481024 0.473863 0.481024 0.500429 0.527543 0.487815 0.449668 0.419872 0.408163 0.419872 0.449668 0.500429 0.449668 0.395255 0.345764 0.323462 0.345764 0.395255 0.481024 0.419872 0.345764 0.259501 0.204082 0.259501 0.345764 0.473863 0.408163 0.323462 0.204082    0 0.204082 0.323462 
0.64065 0.619913 0.601305 0.586274 0.57639 0.57293 0.57639 0.614849 0.589415 0.565732 0.545862 0.532363 0.527543 0.532363 0.589415 0.558131 0.527543 0.500429 0.481024 0.473863 0.481024 0.565732 0.527543 0.487815 0.449668 0.419872 0.408163 0.419872 0.545862 0.500429 0.449668 0.395255 0.345764 0.323462 0.345764 0.532363 0.481024 0.419872 0.345764 0.259501 0.204082 0.259501 0.527543 0.473863 0.408163 0.323462 0.204082    0 0.204082 
0.662386 0.64065 0.619913 0.601305 0.586274 0.57639 0.57293 0.64065 0.614849 0.589415 0.565732 0.545862 0.532363 0.527543 0.619913 0.589415 0.558131 0.527543 0.500429 0.481024 0.473863 0.601305 0.565732 0.527543 0.487815 0.449668 0.419872 0.408163 0.586274 0.545862 0.500429 0.449668 0.395255 0.345764 0.323462 0.57639 0.532363 0.481024 0.419872 0.345764 0.259501 0.204082 0.57293 0.527543 0.473863 0.408163 0.323462 0.204082    0 

