n = 42
      0  141244  713371  188782    3045  523930  661874     106  847865    2152  374248  402012    9360  254507    3142  106775     375     876   28559   25344       0    9185       0       0   11750    1335     319      17       0   31074  243338       0   15794       0   12792       0    2773    5714    8949    1311       0 1397008 
 141244       0  166247   47751      96   84531    8583    1237   62545   15518   17574    6233    2718   17431     230  136673       0    1494    1498   14341    1423   11213       0       6      83      31     197       0       0       0   22427       0    4436       0    3778       0     170       0       0       0       0  144472 
 713371  166247       0   10691   63387   54020 1092887  920162  302912   17344 1390453 1023648   23933  557514   44065  411217  248735  563467  996507  179303    9073  113026   30915    2411   68394     511    9998      42       0       0   75856       0       0    1801       0       0       0     273       0     748       0 3201053 
 188782   47751   10691       0  137119    7970  890651   99846  472764   21953  252366  415835   29730  416831   54655  382965   87791  277243  203079  295972    5665   54594   38308    5472    2449     113    3782      27       0       0    7238   13318     617    4273       0     100       0    5131    1551     862       0  302384 
   3045      96   63387  137119       0  102565   29222     307  121541      79   10523   58489     147   24159      82     323       0    1247   16936      83      68     678       0       0      29       0       0      75       0     295   36028       0     533       0       0       0       0     310       0       0       0  285960 
 523930   84531   54020    7970  102565       0  639873  171836  419790   23613  272633  575805   44593  284900   96450  199376  173344  252211  646157  348278   11311  131621   22356    8078    5218      34    7264      12       0       0   19954       0       0   12428       0    2574       0       0   10213    3627       0 1104491 
 661874    8583 1092887  890651   29222  639873       0  197251  516935    3563  334894   50570    8622  298523    1031  156614   20075    3410    3851     496    5766  103530    2625   15363     134   37547    1836      31       0     413   80678       0    5754   10104     342       0       0       0    2815     454     126  919051 
    106    1237  920162   99846     307  171836  197251       0  191837     398   19562  100333    2849  183955     712     703    1312    3840   12914     356      21    3791    1028      12       0  164824     106      20       0       0  138218       0    8587       0       0       0       0    1098       0     294       0 1524059 
 847865   62545  302912  472764  121541  419790  516935  191837       0   15458  576464  430203     952  170807   71944  248162  175999  214420  443568   49021   10091   96869     452  115527   33588     459    4465      24       0       0   29141       0   37314       0       0       0       0       0       0       0       0  502585 
   2152   15518   17344   21953      79   23613    3563     398   15458       0    2263    1980     314      22     128       0       0       0     934      94      47       0       0       0       5       0       0       0       0       0       0       0       0       0       0       0       0       0       0     351       0   73280 
 374248   17574 1390453  252366   10523  272633  334894   19562  576464    2263       0  156130   49331  300591    7263   30542       0   19401   47675   55691    3069    2194     723   18981       0   41605       0      16       0       0  132407       0   34874       0       0       0       0    1708       0     250       0 2453515 
 402012    6233 1023648  415835   58489  575805   50570  100333  430203    1980  156130       0    9373  426894   50236  108473   51125   64815   10718  219805    5420   91085       9    6401     738     221     640      17       0   12327  240820       0   73518    1232    7606       0    2519    1871       0     741       0  735236 
   9360    2718   23933   29730     147   44593    8622    2849     952     314   49331    9373       0    1089    6004    2244     430    7729   15206    4374     595    1330       0       0       6     130      47      89       0       0    2124       0       0       0       0       0       0       0       0       0       0   94925 
 254507   17431  557514  416831   24159  284900  298523  183955  170807      22  300591  426894    1089       0   47759   90967   91609   49820  182169   95832    1750   46699   36383  423310  102608   44876    1549      13       0    2373   14241       0    2196    1836       0     169       0       0       0     306       0  516696 
   3142     230   44065   54655      82   96450    1031     712   71944     128    7263   50236    6004   47759       0     369     722   43906   83173       6       0      84    4278       0       0       0     193       5       0     138   17711       0     849       0       0       0    1018       0       0     195       0  124482 
 106775  136673  411217  382965     323  199376  156614     703  248162       0   30542  108473    2244   90967     369       0       0     102   38693     506    4419      98       0    2836    5580   17211       0      20       0    1763   97250       0   11975       0    3648       0    3648       0       0     271       0  623767 
    375       0  248735   87791       0  173344   20075    1312  175999       0       0   51125     430   91609     722       0       0       0    1336       0       0       0      70       0      96     231       6       0       0    1825   51427       0    5554       0       0       0       0       0       0       0       0  122388 
    876    1494  563467  277243    1247  252211    3410    3840  214420       0   19401   64815    7729   49820   43906     102       0       0    5654   78859     141    3272       0       0       0    1133       0       7       0   47911   69179       0   21047       0    3199       0     528       0       0       0       0  424727 
  28559    1498  996507  203079   16936  646157    3851   12914  443568     934   47675   10718   15206  182169   83173   38693    1336    5654       0  122063    1762   19181       0    8367       0  250048      41      54    7630     229   56827       0   16065       0    8103    2674       0      68    1129     548     126 1324330 
  25344   14341  179303  295972      83  348278     496     356   49021      94   55691  219805    4374   95832       6     506       0   78859  122063       0     133      11       0       0   17277       0       0       0       0    1705   66440       0    3212      75    2052       0       0       0       0       0       0  774371 
      0    1423    9073    5665      68   11311    5766      21   10091      47    3069    5420     595    1750       0    4419       0     141    1762     133       0     592       0     124       0       0       0      19       0     142     747       0       0       0       0       0       0       0       0     393       0   23885 
   9185   11213  113026   54594     678  131621  103530    3791   96869       0    2194   91085    1330   46699      84      98       0    3272   19181      11     592       0       0       0       0      67       0       0       0      70   67769       0    8524       0       0       0    1528       0       0       0       0  133349 
      0       0   30915   38308       0   22356    2625    1028     452       0     723       9       0   36383    4278       0      70       0       0       0       0       0       0       0       0    2370       0       0    5590       0    6907       0       0       0       0       0       0       0       0       0       0   71060 
      0       6    2411    5472       0    8078   15363      12  115527       0   18981    6401       0  423310       0    2836       0       0    8367       0     124       0       0       0     888       0       0       5       0     393    6243       0     349       0       0       0       0       0       0     526       0  236524 
  11750      83   68394    2449      29    5218     134       0   33588       5       0     738       6  102608       0    5580      96       0       0   17277       0       0       0     888       0       0       0       0       0       0    1298       0       0       0       0       0       0       0       0       0       0  119737 
   1335      31     511     113       0      34   37547  164824     459       0   41605     221     130   44876       0   17211     231    1133  250048       0       0      67    2370       0       0       0       0       0       0       0       0       0       0       0       0       0       0       0       0       0       0  557312 
    319     197    9998    3782       0    7264    1836     106    4465       0       0     640      47    1549     193       0       6       0      41       0       0       0       0       0       0       0       0       0       0       0     624       0      71       0       0       0       0       0       0       0       0   10692 
     17       0      42      27      75      12      31      20      24       0      16      17      89      13       5      20       0       7      54       0      19       0       0       5       0       0       0       0       0       0       0       0       0       0       0       0       0       0       0       0       0       0 
      0       0       0       0       0       0       0       0       0       0       0       0       0       0       0       0       0       0    7630       0       0       0    5590       0       0       0       0       0       0       0       0       0       0      75       0       0       0       0       0       0       0  374481 
  31074       0       0       0     295       0     413       0       0       0       0   12327       0    2373     138    1763    1825   47911     229    1705     142      70       0     393       0       0       0       0       0       0       0       0       0       0       0       0       0       0       0       0       0   15368 
 243338   22427   75856    7238   36028   19954   80678  138218   29141       0  132407  240820    2124   14241   17711   97250   51427   69179   56827   66440     747   67769    6907    6243    1298       0     624       0       0       0       0       0       0     137       0       0     856       0       0       0       0  306313 
      0       0       0   13318       0       0       0       0       0       0       0       0       0       0       0       0       0       0       0       0       0       0       0       0       0       0       0       0       0       0       0       0       0       0       0       0       0       0       0       0       0   13318 
  15794    4436       0     617     533       0    5754    8587   37314       0   34874   73518       0    2196     849   11975    5554   21047   16065    3212       0    8524       0     349       0       0      71       0       0       0       0       0       0       0       0       0       0       0       0       0       0     635 
      0       0    1801    4273       0   12428   10104       0       0       0       0    1232       0    1836       0       0       0       0       0      75       0       0       0       0       0       0       0       0      75       0     137       0       0       0       0       0       0       0       0       0       0     799 
  12792    3778       0       0       0       0     342       0       0       0       0    7606       0       0       0    3648       0    3199    8103    2052       0       0       0       0       0       0       0       0       0       0       0       0       0       0       0       0       0       0       0       0       0       0 
      0       0       0     100       0    2574       0       0       0       0       0       0       0     169       0       0       0       0    2674       0       0       0       0       0       0       0       0       0       0       0       0       0       0       0       0       0       0       0       0       0       0     169 
   2773     170       0       0       0       0       0       0       0       0       0    2519       0       0    1018    3648       0     528       0       0       0    1528       0       0       0       0       0       0       0       0     856       0       0       0       0       0       0       0       0       0       0    1782 
   5714       0     273    5131     310       0       0    1098       0       0    1708    1871       0       0       0       0       0       0      68       0       0       0       0       0       0       0       0       0       0       0       0       0       0       0       0       0       0       0       0       0       0    1193 
   8949       0       0    1551       0   10213    2815       0       0       0       0       0       0       0       0       0       0       0    1129       0       0       0       0       0       0       0       0       0       0       0       0       0       0       0       0       0       0       0       0       0       0    1129 
   1311       0     748     862       0    3627     454     294       0     351     250     741       0     306     195     271       0       0     548       0     393       0       0     526       0       0       0       0       0       0       0       0       0       0       0       0       0       0       0       0       0     209 
      0       0       0       0       0       0     126       0       0       0       0       0       0       0       0       0       0       0     126       0       0       0       0       0       0       0       0       0       0       0       0       0       0       0       0       0       0       0       0       0       0       0 
1397008  144472 3201053  302384  285960 1104491  919051 1524059  502585   73280 2453515  735236   94925  516696  124482  623767  122388  424727 1324330  774371   23885  133349   71060  236524  119737  557312   10692       0  374481   15368  306313   13318     635     799       0     169    1782    1193    1129     209       0       0 

