n = 33
      0  118197   31744   54997    1444   47244   12932       0   35221   44591   40225   11489     908   15369     101     923       0       0    2016     227       0      95       0       0     236     206  194701     189    9730     109      57    1987       0 
 118197       0   90104   17123       0   54480     126       0   30761   36150    5446    1274     350     823       0   10751       0       0       0       0       0    4473       0       0       0       0   78336       0       0     676       0       0       0 
  31744   90104       0    2828    4828    8610   71521   71483   23533  311259  103545   89970    6282   69983   18714   16421   21353   40178   43280   10532    3776    4486    3132     317     496       0  126812       0       0     110       0       0     936 
  54997   17123    2828       0   45329      87   93751   32574    3064  149647   57980   70411   19439   27146    4326   26490    4837   32823   36849   26767    1543    9163    3538       0      13      12  116729       0       0     341       0       0    1780 
   1444       0    4828   45329       0    3199     124       0    5322    4483       0    4486       0    3399       0       0       0       0    1622       0       0       0       0       0       0       0   51740      30      61      85       0       0       0 
  47244   54480    8610      87    3199       0   74605   26467    6786  187307   50662   49437   12413    4302   12902   21743   16053   20937   66114   12595    1822    4963    7077    2137      58       0   69499       0       0    5136       0     435    1229 
  12932     126   71521   93751     124   74605       0   39371   33796  119868    2049     990    2241   36547     255    4056      24     174    1257       0    2108   11392       0     207       0     279   58452    2020    1826    5648    1790    1531       0 
      0       0   71483   32574       0   26467   39371       0   14204   69646    1510    5590     573    6340       0       0       0       0    6937       0       0      66       0       0       0       1   72376     307       0    1054    1600       0       0 
  35221   30761   23533    3064    5322    6786   33796   14204       0   32610   35778   10915      85   14428    4222   11405    4593   19899   10313    1464    2006    4644    2081     195     114     219   61900    2010       0       0     245       0     363 
  44591   36150  311259  149647    4483  187307  119868   69646   32610       0  142257   30300   66758   37856   11641   26537   13836   39707  110021   45992     168    3275     716   53780       0       0   49933   14026    8174    8397     463    2610       0 
  40225    5446  103545   57980       0   50662    2049    1510   35778  142257       0    4580    1171   18390      90     467       0    2005     648    2276     664     424       0       0       0      50   70892    2930    5992    4843    2408       8       0 
  11489    1274   89970   70411    4486   49437     990    5590   10915   30300    4580       0    2708    6245    3324    3330      90    2456    1170    2959    1148    3701       0    1410       0       1   36250     709    1217    2330      54       0       0 
    908     350    6282   19439       0   12413    2241     573      85   66758    1171    2708       0    3078    4477       0      34    8186    1957     220       3       0       0       0       0       0   36613       0       0       0       0       0       0 
  15369     823   69983   27146    3399    4302   36547    6340   14428   37856   18390    6245    3078       0    7659   18757     634    7617    6357   10793      23    7021    1272   73602       0       0   10912   10306     699    2032       0       0       0 
    101       0   18714    4326       0   12902     255       0    4222   11641      90    3324    4477    7659       0       0       0    2386    2330       0       0       0     159       0       0       0   21563      20      23     835      21       0       0 
    923   10751   16421   26490       0   21743    4056       0   11405   26537     467    3330       0   18757       0       0       0       0     874       0     777       0       0       0     107       0   13346       0     131     308    2055       0       0 
      0       0   21353    4837       0   16053      24       0    4593   13836       0      90      34     634       0       0       0       0     576       0       0       0       0       0       0      77    1672      41       3     279       1       0       0 
      0       0   40178   32823       0   20937     174       0   19899   39707    2005    2456    8186    7617    2386       0       0       0     656    2195       0       0       0       0       0       0   30920       0    3552     529    2067     133       0 
   2016       0   43280   36849    1622   66114    1257    6937   10313  110021     648    1170    1957    6357    2330     874     576     656       0    1840     173    4182       0     260       0     128   19324    1330     504     223    2073     273       0 
    227       0   10532   26767       0   12595       0       0    1464   45992    2276    2959     220   10793       0       0       0    2195    1840       0       0       0       0       0      78       0    7518       0     343       0       0       0       0 
      0       0    3776    1543       0    1822    2108       0    2006     168     664    1148       3      23       0     777       0       0     173       0       0       0       0      30       0       0    5598       0       0       0       0       0       0 
     95    4473    4486    9163       0    4963   11392      66    4644    3275     424    3701       0    7021       0       0       0       0    4182       0       0       0       0       0       0       0   12726       0       0       0      59     659       0 
      0       0    3132    3538       0    7077       0       0    2081     716       0       0       0    1272     159       0       0       0       0       0       0       0       0       0       0       0     646     263       0       0      54       0       0 
      0       0     317       0       0    2137     207       0     195   53780       0    1410       0   73602       0       0       0       0     260       0      30       0       0       0       0       0     393       0       0       0       0       0       0 
    236       0     496      13       0      58       0       0     114       0       0       0       0       0       0     107       0       0       0      78       0       0       0       0       0       0      75       0       0       0      53       0       0 
    206       0       0      12       0       0     279       1     219       0      50       1       0       0       0       0      77       0     128       0       0       0       0       0       0       0      50       0       0       0       0       0       0 
 194701   78336  126812  116729   51740   69499   58452   72376   61900   49933   70892   36250   36613   10912   21563   13346    1672   30920   19324    7518    5598   12726     646     393      75      50       0       0     689       0     241       0       0 
    189       0       0       0      30       0    2020     307    2010   14026    2930     709       0   10306      20       0      41       0    1330       0       0       0     263       0       0       0       0       0       0       0       0       0       0 
   9730       0       0       0      61       0    1826       0       0    8174    5992    1217       0     699      23     131       3    3552     504     343       0       0       0       0       0       0     689       0       0       0       0       0       0 
    109     676     110     341      85    5136    5648    1054       0    8397    4843    2330       0    2032     835     308     279     529     223       0       0       0       0       0       0       0       0       0       0       0       0       0      27 
     57       0       0       0       0       0    1790    1600     245     463    2408      54       0       0      21    2055       1    2067    2073       0       0      59      54       0      53       0     241       0       0       0       0       0       0 
   1987       0       0       0       0     435    1531       0       0    2610       8       0       0       0       0       0       0     133     273       0       0     659       0       0       0       0       0       0       0       0       0       0       0 
      0       0     936    1780       0    1229       0       0     363       0       0       0       0       0       0       0       0       0       0       0       0       0       0       0       0       0       0       0       0      27       0       0       0 

