n = 33
      0  103417   31891   54770    1549   46963   12958       0   35108   40169   40097   11535     868   15083      99     968       0       0    1935     220       0      92       0       0     212     203  174321     195    9700     113      42    2020       0 
 103417       0   99462   17208       0   49896     122       0   35589   46181    5490    1256     321     801       0   10918       0       0       0       0       0    4470       0       0       0       0   67885       0       0     712       0       0       0 
  31891   99462       0    2866    4887    8465   71837   70741   23631  286720  118725   99926    6130   59717   18729   16439   31575   45218   48180   10430    8642    4363    8129     333     530       0  127089       0       0     106       0       0     861 
  54770   17208    2866       0   55556      74   94279   32196    3039  150126   53184   54958   19667   22369    4257   25908    4772   33131   46282   26883    1524    9361    3569       0       5       3   96836       0       0     300       0       0    1839 
   1549       0    4887   55556       0    3290     140       0    5441    4535       0    4529       0    3352       0       0       0       0    1488       0       0       0       0       0       0       0   66626      30      54      84       0       0       0 
  46963   49896    8465      74    3290       0   64286   31438    6754  202225   55867   49518   12224    4452   13108   16618   10910   20758   61974   22549    1836    4901    2087    2109      67       0   74603       0       0    5350       0     454    1270 
  12958     122   71837   94279     140   64286       0   38915   33946  110104    1963     968    2220   41994     238    4022      31     163    1251       0    2154   11227       0     204       0     280   63426    2024    1850     597    1812    1481       0 
      0       0   70741   32196       0   31438   38915       0   14227   65108    1612    5705     577    1371       0       0       0       0   12132       0       0      73       0       0       0       3   67423     322       0    1044    1575       0       0 
  35108   35589   23631    3039    5441    6754   33946   14227       0   27745   40698   11000      97    9309    4379   11482    4411   19689   10212    1504    2038    4681    2117     189     111     195   57434    2007       0       0     273       0     342 
  40169   46181  286720  150126    4535  202225  110104   65108   27745       0  162116   35206   61471   43178   11631   26409   13726   44668  110507   40360     154    3231     699   58479       0       0   55040   19217    8129    8417     466    2482       0 
  40097    5490  118725   53184       0   55867    1963    1612   40698  162116       0    9545    1151   22984      76     492       0    1983     664    2235     690     477       0       0       0      34   70742    2852    5864    5022    2354       9       0 
  11535    1256   99926   54958    4529   49518     968    5705   11000   35206    9545       0    2649   11167    3386    3222      85    2579    1152    3060    1236    3609       0    1444       0       1   41001     704    1151    2461      54       0       0 
    868     321    6130   19667       0   12224    2220     577      97   61471    1151    2649       0    3053    4485       0      35    3098    1978     203       6       0       0       0       0       0   36644       0       0       0       0       0       0 
  15083     801   59717   22369    3352    4452   41994    1371    9309   43178   22984   11167    3053       0    7783    8453     640    7461    6151   15333      19    7088    1239   63814       0       0   11127   10357     706    1982       0       0       0 
     99       0   18729    4257       0   13108     238       0    4379   11631      76    3386    4485    7783       0       0       0    2375    2344       0       0       0     116       0       0       0   21628      18      23     849      13       0       0 
    968   10918   16439   25908       0   16618    4022       0   11482   26409     492    3222       0    8453       0       0       0       0     887       0     793       0       0       0     121       0    8453       0     151     312    2077       0       0 
      0       0   31575    4772       0   10910      31       0    4411   13726       0      85      35     640       0       0       0       0     585       0       0       0       0       0       0      60    1623      44       4     270       2       0       0 
      0       0   45218   33131       0   20758     163       0   19689   44668    1983    2579    3098    7461    2375       0       0       0     599    2150       0       0       0       0       0       0   31158       0    3512     537    2110     150       0 
   1935       0   48180   46282    1488   61974    1251   12132   10212  110507     664    1152    1978    6151    2344     887     585     599       0    1878     157    4307       0     252       0     125   19243    1317     520     283    2104     273       0 
    220       0   10430   26883       0   22549       0       0    1504   40360    2235    3060     203   15333       0       0       0    2150    1878       0       0       0       0       0      62       0    7492       0     337       0       0       0       0 
      0       0    8642    1524       0    1836    2154       0    2038     154     690    1236       6      19       0     793       0       0     157       0       0       0       0      37       0       0    5785       0       0       0       0       0       0 
     92    4470    4363    9361       0    4901   11227      73    4681    3231     477    3609       0    7088       0       0       0       0    4307       0       0       0       0       0       0       0   17767       0       0       0      59     625       0 
      0       0    8129    3569       0    2087       0       0    2117     699       0       0       0    1239     116       0       0       0       0       0       0       0       0       0       0       0     645     271       0       0      44       0       0 
      0       0     333       0       0    2109     204       0     189   58479       0    1444       0   63814       0       0       0       0     252       0      37       0       0       0       0       0     421       0       0       0       0       0       0 
    212       0     530       5       0      67       0       0     111       0       0       0       0       0       0     121       0       0       0      62       0       0       0       0       0       0      73       0       0       0      52       0       0 
    203       0       0       3       0       0     280       3     195       0      34       1       0       0       0       0      60       0     125       0       0       0       0       0       0       0      60       0       0       0       0       0       0 
 174321   67885  127089   96836   66626   74603   63426   67423   57434   55040   70742   41001   36644   11127   21628    8453    1623   31158   19243    7492    5785   17767     645     421      73      60       0       0     704       0     221       0       0 
    195       0       0       0      30       0    2024     322    2007   19217    2852     704       0   10357      18       0      44       0    1317       0       0       0     271       0       0       0       0       0       0       0       0       0       0 
   9700       0       0       0      54       0    1850       0       0    8129    5864    1151       0     706      23     151       4    3512     520     337       0       0       0       0       0       0     704       0       0       0       0       0       0 
    113     712     106     300      84    5350     597    1044       0    8417    5022    2461       0    1982     849     312     270     537     283       0       0       0       0       0       0       0       0       0       0       0       0       0      24 
     42       0       0       0       0       0    1812    1575     273     466    2354      54       0       0      13    2077       2    2110    2104       0       0      59      44       0      52       0     221       0       0       0       0       0       0 
   2020       0       0       0       0     454    1481       0       0    2482       9       0       0       0       0       0       0     150     273       0       0     625       0       0       0       0       0       0       0       0       0       0       0 
      0       0     861    1839       0    1270       0       0     342       0       0       0       0       0       0       0       0       0       0       0       0       0       0       0       0       0       0       0       0      24       0       0       0 

