n = 49
   0  214  337  424  490  545  591  214  309  396  466  523  572  613  309  337  396  457  511  559  601  396  424  466  511  554  594  630  457  466  490  523  559  594  628  511  523  545  572  601  630  659  554  559  572  591  613  638  663 
 214    0  214  337  424  490  545  214  214  309  396  466  523  572  337  309  337  396  457  511  559  396  396  424  466  511  554  594  466  457  466  490  523  559  594  511  511  523  545  572  601  630  559  554  559  572  591  613  638 
 337  214    0  214  337  424  490  309  214  214  309  396  466  523  396  337  309  337  396  457  511  424  396  396  424  466  511  554  490  466  457  466  490  523  559  523  511  511  523  545  572  601  572  559  554  559  572  591  613 
 424  337  214    0  214  337  424  396  309  214  214  309  396  466  457  396  337  309  337  396  457  466  424  396  396  424  466  511  523  490  466  457  466  490  523  545  523  511  511  523  545  572  591  572  559  554  559  572  591 
 490  424  337  214    0  214  337  466  396  309  214  214  309  396  511  457  396  337  309  337  396  511  466  424  396  396  424  466  559  523  490  466  457  466  490  572  545  523  511  511  523  545  613  591  572  559  554  559  572 
 545  490  424  337  214    0  214  523  466  396  309  214  214  309  559  511  457  396  337  309  337  554  511  466  424  396  396  424  594  559  523  490  466  457  466  601  572  545  523  511  511  523  638  613  591  572  559  554  559 
 591  545  490  424  337  214    0  572  523  466  396  309  214  214  601  559  511  457  396  337  309  594  554  511  466  424  396  396  628  594  559  523  490  466  457  630  601  572  545  523  511  511  663  638  613  591  572  559  554 
 214  214  309  396  466  523  572    0  214  337  424  490  545  591  214  214  309  396  466  523  572  309  337  396  457  511  559  601  396  396  424  466  511  554  594  457  466  490  523  559  594  628  511  511  523  545  572  601  630 
 309  214  214  309  396  466  523  214    0  214  337  424  490  545  309  214  214  309  396  466  523  337  309  337  396  457  511  559  424  396  396  424  466  511  554  466  457  466  490  523  559  594  523  511  511  523  545  572  601 
 396  309  214  214  309  396  466  337  214    0  214  337  424  490  396  309  214  214  309  396  466  396  337  309  337  396  457  511  466  424  396  396  424  466  511  490  466  457  466  490  523  559  545  523  511  511  523  545  572 
 466  396  309  214  214  309  396  424  337  214    0  214  337  424  466  396  309  214  214  309  396  457  396  337  309  337  396  457  511  466  424  396  396  424  466  523  490  466  457  466  490  523  572  545  523  511  511  523  545 
 523  466  396  309  214  214  309  490  424  337  214    0  214  337  523  466  396  309  214  214  309  511  457  396  337  309  337  396  554  511  466  424  396  396  424  559  523  490  466  457  466  490  601  572  545  523  511  511  523 
 572  523  466  396  309  214  214  545  490  424  337  214    0  214  572  523  466  396  309  214  214  559  511  457  396  337  309  337  594  554  511  466  424  396  396  594  559  523  490  466  457  466  630  601  572  545  523  511  511 
 613  572  523  466  396  309  214  591  545  490  424  337  214    0  613  572  523  466  396  309  214  601  559  511  457  396  337  309  630  594  554  511  466  424  396  628  594  559  523  490  466  457  659  630  601  572  545  523  511 
 309  337  396  457  511  559  601  214  309  396  466  523  572  613    0  214  337  424  490  545  591  214  309  396  466  523  572  613  309  337  396  457  511  559  601  396  424  466  511  554  594  630  457  466  490  523  559  594  628 
 337  309  337  396  457  511  559  214  214  309  396  466  523  572  214    0  214  337  424  490  545  214  214  309  396  466  523  572  337  309  337  396  457  511  559  396  396  424  466  511  554  594  466  457  466  490  523  559  594 
 396  337  309  337  396  457  511  309  214  214  309  396  466  523  337  214    0  214  337  424  490  309  214  214  309  396  466  523  396  337  309  337  396  457  511  424  396  396  424  466  511  554  490  466  457  466  490  523  559 
 457  396  337  309  337  396  457  396  309  214  214  309  396  466  424  337  214    0  214  337  424  396  309  214  214  309  396  466  457  396  337  309  337  396  457  466  424  396  396  424  466  511  523  490  466  457  466  490  523 
 511  457  396  337  309  337  396  466  396  309  214  214  309  396  490  424  337  214    0  214  337  466  396  309  214  214  309  396  511  457  396  337  309  337  396  511  466  424  396  396  424  466  559  523  490  466  457  466  490 
 559  511  457  396  337  309  337  523  466  396  309  214  214  309  545  490  424  337  214    0  214  523  466  396  309  214  214  309  559  511  457  396  337  309  337  554  511  466  424  396  396  424  594  559  523  490  466  457  466 
 601  559  511  457  396  337  309  572  523  466  396  309  214  214  591  545  490  424  337  214    0  572  523  466  396  309  214  214  601  559  511  457  396  337  309  594  554  511  466  424  396  396  628  594  559  523  490  466  457 
 396  396  424  466  511  554  594  309  337  396  457  511  559  601  214  214  309  396  466  523  572    0  214  337  424  490  545  591  214  214  309  396  466  523  572  309  337  396  457  511  559  601  396  396  424  466  511  554  594 
 424  396  396  424  466  511  554  337  309  337  396  457  511  559  309  214  214  309  396  466  523  214    0  214  337  424  490  545  309  214  214  309  396  466  523  337  309  337  396  457  511  559  424  396  396  424  466  511  554 
 466  424  396  396  424  466  511  396  337  309  337  396  457  511  396  309  214  214  309  396  466  337  214    0  214  337  424  490  396  309  214  214  309  396  466  396  337  309  337  396  457  511  466  424  396  396  424  466  511 
 511  466  424  396  396  424  466  457  396  337  309  337  396  457  466  396  309  214  214  309  396  424  337  214    0  214  337  424  466  396  309  214  214  309  396  457  396  337  309  337  396  457  511  466  424  396  396  424  466 
 554  511  466  424  396  396  424  511  457  396  337  309  337  396  523  466  396  309  214  214  309  490  424  337  214    0  214  337  523  466  396  309  214  214  309  511  457  396  337  309  337  396  554  511  466  424  396  396  424 
 594  554  511  466  424  396  396  559  511  457  396  337  309  337  572  523  466  396  309  214  214  545  490  424  337  214    0  214  572  523  466  396  309  214  214  559  511  457  396  337  309  337  594  554  511  466  424  396  396 
 630  594  554  511  466  424  396  601  559  511  457  396  337  309  613  572  523  466  396  309  214  591  545  490  424  337  214    0  613  572  523  466  396  309  214  601  559  511  457  396  337  309  630  594  554  511  466  424  396 
 457  466  490  523  559  594  628  396  424  466  511  554  594  630  309  337  396  457  511  559  601  214  309  396  466  523  572  613    0  214  337  424  490  545  591  214  309  396  466  523  572  613  309  337  396  457  511  559  601 
 466  457  466  490  523  559  594  396  396  424  466  511  554  594  337  309  337  396  457  511  559  214  214  309  396  466  523  572  214    0  214  337  424  490  545  214  214  309  396  466  523  572  337  309  337  396  457  511  559 
 490  466  457  466  490  523  559  424  396  396  424  466  511  554  396  337  309  337  396  457  511  309  214  214  309  396  466  523  337  214    0  214  337  424  490  309  214  214  309  396  466  523  396  337  309  337  396  457  511 
 523  490  466  457  466  490  523  466  424  396  396  424  466  511  457  396  337  309  337  396  457  396  309  214  214  309  396  466  424  337  214    0  214  337  424  396  309  214  214  309  396  466  457  396  337  309  337  396  457 
 559  523  490  466  457  466  490  511  466  424  396  396  424  466  511  457  396  337  309  337  396  466  396  309  214  214  309  396  490  424  337  214    0  214  337  466  396  309  214  214  309  396  511  457  396  337  309  337  396 
 594  559  523  490  466  457  466  554  511  466  424  396  396  424  559  511  457  396  337  309  337  523  466  396  309  214  214  309  545  490  424  337  214    0  214  523  466  396  309  214  214  309  559  511  457  396  337  309  337 
 628  594  559  523  490  466  457  594  554  511  466  424  396  396  601  559  511  457  396  337  309  572  523  466  396  309  214  214  591  545  490  424  337  214    0  572  523  466  396  309  214  214  601  559  511  457  396  337  309 
 511  511  523  545  572  601  630  457  466  490  523  559  594  628  396  396  424  466  511  554  594  309  337  396  457  511  559  601  214  214  309  396  466  523  572    0  214  337  424  490  545  591  214  214  309  396  466  523  572 
 523  511  511  523  545  572  601  466  457  466  490  523  559  594  424  396  396  424  466  511  554  337  309  337  396  457  511  559  309  214  214  309  396  466  523  214    0  214  337  424  490  545  309  214  214  309  396  466  523 
 545  523  511  511  523  545  572  490  466  457  466  490  523  559  466  424  396  396  424  466  511  396  337  309  337  396  457  511  396  309  214  214  309  396  466  337  214    0  214  337  424  490  396  309  214  214  309  396  466 
 572  545  523  511  511  523  545  523  490  466  457  466  490  523  511  466  424  396  396  424  466  457  396  337  309  337  396  457  466  396  309  214  214  309  396  424  337  214    0  214  337  424  466  396  309  214  214  309  396 
 601  572  545  523  511  511  523  559  523  490  466  457  466  490  554  511  466  424  396  396  424  511  457  396  337  309  337  396  523  466  396  309  214  214  309  490  424  337  214    0  214  337  523  466  396  309  214  214  309 
 630  601  572  545  523  511  511  594  559  523  490  466  457  466  594  554  511  466  424  396  396  559  511  457  396  337  309  337  572  523  466  396  309  214  214  545  490  424  337  214    0  214  572  523  466  396  309  214  214 
 659  630  601  572  545  523  511  628  594  559  523  490  466  457  630  594  554  511  466  424  396  601  559  511  457  396  337  309  613  572  523  466  396  309  214  591  545  490  424  337  214    0  613  572  523  466  396  309  214 
 554  559  572  591  613  638  663  511  523  545  572  601  630  659  457  466  490  523  559  594  628  396  424  466  511  554  594  630  309  337  396  457  511  559  601  214  309  396  466  523  572  613    0  214  337  424  490  545  591 
 559  554  559  572  591  613  638  511  511  523  545  572  601  630  466  457  466  490  523  559  594  396  396  424  466  511  554  594  337  309  337  396  457  511  559  214  214  309  396  466  523  572  214    0  214  337  424  490  545 
 572  559  554  559  572  591  613  523  511  511  523  545  572  601  490  466  457  466  490  523  559  424  396  396  424  466  511  554  396  337  309  337  396  457  511  309  214  214  309  396  466  523  337  214    0  214  337  424  490 
 591  572  559  554  559  572  591  545  523  511  511  523  545  572  523  490  466  457  466  490  523  466  424  396  396  424  466  511  457  396  337  309  337  396  457  396  309  214  214  309  396  466  424  337  214    0  214  337  424 
 613  591  572  559  554  559  572  572  545  523  511  511  523  545  559  523  490  466  457  466  490  511  466  424  396  396  424  466  511  457  396  337  309  337  396  466  396  309  214  214  309  396  490  424  337  214    0  214  337 
 638  613  591  572  559  554  559  601  572  545  523  511  511  523  594  559  523  490  466  457  466  554  511  466  424  396  396  424  559  511  457  396  337  309  337  523  466  396  309  214  214  309  545  490  424  337  214    0  214 
 663  638  613  591  572  559  554  630  601  572  545  523  511  511  628  594  559  523  490  466  457  594  554  511  466  424  396  396  601  559  511  457  396  337  309  572  523  466  396  309  214  214  591  545  490  424  337  214    0 

