n = 30
   0  204  323  408  473  527  572  612  646  677  204  259  345  419  481  532  576  614  648  679  329  329  368  422  475  523  566  604  639  669
 204    0  204  323  408  473  527  572  612  646  259  204  259  345  419  481  532  576  614  648  368  329  329  368  422  475  523  566  604  639
 323  204    0  204  323  408  473  527  572  612  345  259  204  259  345  419  481  532  576  614  422  368  329  329  368  422  475  523  566  604
 408  323  204    0  204  323  408  473  527  572  419  345  259  204  259  345  419  481  532  576  475  422  368  329  329  368  422  475  523  566
 473  408  323  204    0  204  323  408  473  527  481  419  345  259  204  259  345  419  481  532  523  475  422  368  329  329  368  422  475  523
 527  473  408  323  204    0  204  323  408  473  532  481  419  345  259  204  259  345  419  481  566  523  475  422  368  329  329  368  422  475
 572  527  473  408  323  204    0  204  323  408  576  532  481  419  345  259  204  259  345  419  604  566  523  475  422  368  329  329  368  422
 612  572  527  473  408  323  204    0  204  323  614  576  532  481  419  345  259  204  259  345  639  604  566  523  475  422  368  329  329  368
 646  612  572  527  473  408  323  204    0  204  648  614  576  532  481  419  345  259  204  259  669  639  604  566  523  475  422  368  329  329
 677  646  612  572  527  473  408  323  204    0  679  648  614  576  532  481  419  345  259  204  698  669  639  604  566  523  475  422  368  329
 204  259  345  419  481  532  576  614  648  679    0  204  323  408  473  527  572  612  646  677  220  220  303  384  451  507  555  596  632  664
 259  204  259  345  419  481  532  576  614  648  204    0  204  323  408  473  527  572  612  646  303  220  220  303  384  451  507  555  596  632
 345  259  204  259  345  419  481  532  576  614  323  204    0  204  323  408  473  527  572  612  384  303  220  220  303  384  451  507  555  596
 419  345  259  204  259  345  419  481  532  576  408  323  204    0  204  323  408  473  527  572  451  384  303  220  220  303  384  451  507  555
 481  419  345  259  204  259  345  419  481  532  473  408  323  204    0  204  323  408  473  527  507  451  384  303  220  220  303  384  451  507
 532  481  419  345  259  204  259  345  419  481  527  473  408  323  204    0  204  323  408  473  555  507  451  384  303  220  220  303  384  451
 576  532  481  419  345  259  204  259  345  419  572  527  473  408  323  204    0  204  323  408  596  555  507  451  384  303  220  220  303  384
 614  576  532  481  419  345  259  204  259  345  612  572  527  473  408  323  204    0  204  323  632  596  555  507  451  384  303  220  220  303
 648  614  576  532  481  419  345  259  204  259  646  612  572  527  473  408  323  204    0  204  664  632  596  555  507  451  384  303  220  220
 679  648  614  576  532  481  419  345  259  204  677  646  612  572  527  473  408  323  204    0  693  664  632  596  555  507  451  384  303  220
 329  368  422  475  523  566  604  639  669  698  220  303  384  451  507  555  596  632  664  693    0  204  323  408  473  527  572  612  646  677
 329  329  368  422  475  523  566  604  639  669  220  220  303  384  451  507  555  596  632  664  204    0  204  323  408  473  527  572  612  646 
 368  329  329  368  422  475  523  566  604  639  303  220  220  303  384  451  507  555  596  632  323  204    0  204  323  408  473  527  572  612
 422  368  329  329  368  422  475  523  566  604  384  303  220  220  303  384  451  507  555  596  408  323  204    0  204  323  408  473  527  572
 475  422  368  329  329  368  422  475  523  566  451  384  303  220  220  303  384  451  507  555  473  408  323  204    0  204  323  408  473  527 
 523  475  422  368  329  329  368  422  475  523  507  451  384  303  220  220  303  384  451  507  527  473  408  323  204    0  204  323  408  473
 566  523  475  422  368  329  329  368  422  475  555  507  451  384  303  220  220  303  384  451  572  527  473  408  323  204    0  204  323  408
 604  566  523  475  422  368  329  329  368  422  596  555  507  451  384  303  220  220  303  384  612  572  527  473  408  323  204    0  204  323
 639  604  566  523  475  422  368  329  329  368  632  596  555  507  451  384  303  220  220  303  646  612  572  527  473  408  323  204    0  204 
 669  639  604  566  523  475  422  368  329  329  664  632  596  555  507  451  384  303  220  220  677  646  612  572  527  473  408  323  204    0 
