n = 40
   0  204  323  408  473  527  572  612  646  677  204  259  345  419  481  532  576  614  648  679  329  329  368  422  475  523  566  604  639  669  411  411  433  468  507  546  583  618  649  678 
 204    0  204  323  408  473  527  572  612  646  259  204  259  345  419  481  532  576  614  648  368  329  329  368  422  475  523  566  604  639  433  411  411  433  468  507  546  583  618  649 
 323  204    0  204  323  408  473  527  572  612  345  259  204  259  345  419  481  532  576  614  422  368  329  329  368  422  475  523  566  604  468  433  411  411  433  468  507  546  583  618 
 408  323  204    0  204  323  408  473  527  572  419  345  259  204  259  345  419  481  532  576  475  422  368  329  329  368  422  475  523  566  507  468  433  411  411  433  468  507  546  583 
 473  408  323  204    0  204  323  408  473  527  481  419  345  259  204  259  345  419  481  532  523  475  422  368  329  329  368  422  475  523  546  507  468  433  411  411  433  468  507  546 
 527  473  408  323  204    0  204  323  408  473  532  481  419  345  259  204  259  345  419  481  566  523  475  422  368  329  329  368  422  475  583  546  507  468  433  411  411  433  468  507 
 572  527  473  408  323  204    0  204  323  408  576  532  481  419  345  259  204  259  345  419  604  566  523  475  422  368  329  329  368  422  618  583  546  507  468  433  411  411  433  468 
 612  572  527  473  408  323  204    0  204  323  614  576  532  481  419  345  259  204  259  345  639  604  566  523  475  422  368  329  329  368  649  618  583  546  507  468  433  411  411  433 
 646  612  572  527  473  408  323  204    0  204  648  614  576  532  481  419  345  259  204  259  669  639  604  566  523  475  422  368  329  329  678  649  618  583  546  507  468  433  411  411 
 677  646  612  572  527  473  408  323  204    0  679  648  614  576  532  481  419  345  259  204  698  669  639  604  566  523  475  422  368  329  704  678  649  618  583  546  507  468  433  411 
 204  259  345  419  481  532  576  614  648  679    0  204  323  408  473  527  572  612  646  677  220  220  303  384  451  507  555  596  632  664  329  329  368  422  475  523  566  604  639  669 
 259  204  259  345  419  481  532  576  614  648  204    0  204  323  408  473  527  572  612  646  303  220  220  303  384  451  507  555  596  632  368  329  329  368  422  475  523  566  604  639 
 345  259  204  259  345  419  481  532  576  614  323  204    0  204  323  408  473  527  572  612  384  303  220  220  303  384  451  507  555  596  422  368  329  329  368  422  475  523  566  604 
 419  345  259  204  259  345  419  481  532  576  408  323  204    0  204  323  408  473  527  572  451  384  303  220  220  303  384  451  507  555  475  422  368  329  329  368  422  475  523  566 
 481  419  345  259  204  259  345  419  481  532  473  408  323  204    0  204  323  408  473  527  507  451  384  303  220  220  303  384  451  507  523  475  422  368  329  329  368  422  475  523 
 532  481  419  345  259  204  259  345  419  481  527  473  408  323  204    0  204  323  408  473  555  507  451  384  303  220  220  303  384  451  566  523  475  422  368  329  329  368  422  475 
 576  532  481  419  345  259  204  259  345  419  572  527  473  408  323  204    0  204  323  408  596  555  507  451  384  303  220  220  303  384  604  566  523  475  422  368  329  329  368  422 
 614  576  532  481  419  345  259  204  259  345  612  572  527  473  408  323  204    0  204  323  632  596  555  507  451  384  303  220  220  303  639  604  566  523  475  422  368  329  329  368 
 648  614  576  532  481  419  345  259  204  259  646  612  572  527  473  408  323  204    0  204  664  632  596  555  507  451  384  303  220  220  669  639  604  566  523  475  422  368  329  329 
 679  648  614  576  532  481  419  345  259  204  677  646  612  572  527  473  408  323  204    0  693  664  632  596  555  507  451  384  303  220  698  669  639  604  566  523  475  422  368  329 
 329  368  422  475  523  566  604  639  669  698  220  303  384  451  507  555  596  632  664  693    0  204  323  408  473  527  572  612  646  677  204  259  345  419  481  532  576  614  648  679 
 329  329  368  422  475  523  566  604  639  669  220  220  303  384  451  507  555  596  632  664  204    0  204  323  408  473  527  572  612  646  259  204  259  345  419  481  532  576  614  648 
 368  329  329  368  422  475  523  566  604  639  303  220  220  303  384  451  507  555  596  632  323  204    0  204  323  408  473  527  572  612  345  259  204  259  345  419  481  532  576  614 
 422  368  329  329  368  422  475  523  566  604  384  303  220  220  303  384  451  507  555  596  408  323  204    0  204  323  408  473  527  572  419  345  259  204  259  345  419  481  532  576 
 475  422  368  329  329  368  422  475  523  566  451  384  303  220  220  303  384  451  507  555  473  408  323  204    0  204  323  408  473  527  481  419  345  259  204  259  345  419  481  532 
 523  475  422  368  329  329  368  422  475  523  507  451  384  303  220  220  303  384  451  507  527  473  408  323  204    0  204  323  408  473  532  481  419  345  259  204  259  345  419  481 
 566  523  475  422  368  329  329  368  422  475  555  507  451  384  303  220  220  303  384  451  572  527  473  408  323  204    0  204  323  408  576  532  481  419  345  259  204  259  345  419 
 604  566  523  475  422  368  329  329  368  422  596  555  507  451  384  303  220  220  303  384  612  572  527  473  408  323  204    0  204  323  614  576  532  481  419  345  259  204  259  345 
 639  604  566  523  475  422  368  329  329  368  632  596  555  507  451  384  303  220  220  303  646  612  572  527  473  408  323  204    0  204  648  614  576  532  481  419  345  259  204  259 
 669  639  604  566  523  475  422  368  329  329  664  632  596  555  507  451  384  303  220  220  677  646  612  572  527  473  408  323  204    0  679  648  614  576  532  481  419  345  259  204 
 411  433  468  507  546  583  618  649  678  704  329  368  422  475  523  566  604  639  669  698  204  259  345  419  481  532  576  614  648  679    0  204  323  408  473  527  572  612  646  677 
 411  411  433  468  507  546  583  618  649  678  329  329  368  422  475  523  566  604  639  669  259  204  259  345  419  481  532  576  614  648  204    0  204  323  408  473  527  572  612  646 
 433  411  411  433  468  507  546  583  618  649  368  329  329  368  422  475  523  566  604  639  345  259  204  259  345  419  481  532  576  614  323  204    0  204  323  408  473  527  572  612 
 468  433  411  411  433  468  507  546  583  618  422  368  329  329  368  422  475  523  566  604  419  345  259  204  259  345  419  481  532  576  408  323  204    0  204  323  408  473  527  572 
 507  468  433  411  411  433  468  507  546  583  475  422  368  329  329  368  422  475  523  566  481  419  345  259  204  259  345  419  481  532  473  408  323  204    0  204  323  408  473  527 
 546  507  468  433  411  411  433  468  507  546  523  475  422  368  329  329  368  422  475  523  532  481  419  345  259  204  259  345  419  481  527  473  408  323  204    0  204  323  408  473 
 583  546  507  468  433  411  411  433  468  507  566  523  475  422  368  329  329  368  422  475  576  532  481  419  345  259  204  259  345  419  572  527  473  408  323  204    0  204  323  408 
 618  583  546  507  468  433  411  411  433  468  604  566  523  475  422  368  329  329  368  422  614  576  532  481  419  345  259  204  259  345  612  572  527  473  408  323  204    0  204  323 
 649  618  583  546  507  468  433  411  411  433  639  604  566  523  475  422  368  329  329  368  648  614  576  532  481  419  345  259  204  259  646  612  572  527  473  408  323  204    0  204 
 678  649  618  583  546  507  468  433  411  411  669  639  604  566  523  475  422  368  329  329  679  648  614  576  532  481  419  345  259  204  677  646  612  572  527  473  408  323  204    0 

