n = 36
   0  204  323  408  473  527  572  612  646  204  259  345  419  481  532  576  614  648  329  368  422  475  523  566  604  639  669  408  419  449  487  527  565  601  634  664 
 204    0  204  323  408  473  527  572  612  259  204  259  345  419  481  532  576  614  329  329  368  422  475  523  566  604  639  419  408  419  449  487  527  565  601  634 
 323  204    0  204  323  408  473  527  572  345  259  204  259  345  419  481  532  576  368  329  329  368  422  475  523  566  604  449  419  408  419  449  487  527  565  601 
 408  323  204    0  204  323  408  473  527  419  345  259  204  259  345  419  481  532  422  368  329  329  368  422  475  523  566  487  449  419  408  419  449  487  527  565 
 473  408  323  204    0  204  323  408  473  481  419  345  259  204  259  345  419  481  475  422  368  329  329  368  422  475  523  527  487  449  419  408  419  449  487  527 
 527  473  408  323  204    0  204  323  408  532  481  419  345  259  204  259  345  419  523  475  422  368  329  329  368  422  475  565  527  487  449  419  408  419  449  487 
 572  527  473  408  323  204    0  204  323  576  532  481  419  345  259  204  259  345  566  523  475  422  368  329  329  368  422  601  565  527  487  449  419  408  419  449 
 612  572  527  473  408  323  204    0  204  614  576  532  481  419  345  259  204  259  604  566  523  475  422  368  329  329  368  634  601  565  527  487  449  419  408  419 
 646  612  572  527  473  408  323  204    0  648  614  576  532  481  419  345  259  204  639  604  566  523  475  422  368  329  329  664  634  601  565  527  487  449  419  408 
 204  259  345  419  481  532  576  614  648    0  204  323  408  473  527  572  612  646  220  303  384  451  507  555  596  632  664  323  345  395  449  500  545  586  622  654 
 259  204  259  345  419  481  532  576  614  204    0  204  323  408  473  527  572  612  220  220  303  384  451  507  555  596  632  345  323  345  395  449  500  545  586  622 
 345  259  204  259  345  419  481  532  576  323  204    0  204  323  408  473  527  572  303  220  220  303  384  451  507  555  596  395  345  323  345  395  449  500  545  586 
 419  345  259  204  259  345  419  481  532  408  323  204    0  204  323  408  473  527  384  303  220  220  303  384  451  507  555  449  395  345  323  345  395  449  500  545 
 481  419  345  259  204  259  345  419  481  473  408  323  204    0  204  323  408  473  451  384  303  220  220  303  384  451  507  500  449  395  345  323  345  395  449  500 
 532  481  419  345  259  204  259  345  419  527  473  408  323  204    0  204  323  408  507  451  384  303  220  220  303  384  451  545  500  449  395  345  323  345  395  449 
 576  532  481  419  345  259  204  259  345  572  527  473  408  323  204    0  204  323  555  507  451  384  303  220  220  303  384  586  545  500  449  395  345  323  345  395 
 614  576  532  481  419  345  259  204  259  612  572  527  473  408  323  204    0  204  596  555  507  451  384  303  220  220  303  622  586  545  500  449  395  345  323  345 
 648  614  576  532  481  419  345  259  204  646  612  572  527  473  408  323  204    0  632  596  555  507  451  384  303  220  220  654  622  586  545  500  449  395  345  323 
 329  329  368  422  475  523  566  604  639  220  220  303  384  451  507  555  596  632    0  204  323  408  473  527  572  612  646  220  220  303  384  451  507  555  596  632 
 368  329  329  368  422  475  523  566  604  303  220  220  303  384  451  507  555  596  204    0  204  323  408  473  527  572  612  303  220  220  303  384  451  507  555  596 
 422  368  329  329  368  422  475  523  566  384  303  220  220  303  384  451  507  555  323  204    0  204  323  408  473  527  572  384  303  220  220  303  384  451  507  555 
 475  422  368  329  329  368  422  475  523  451  384  303  220  220  303  384  451  507  408  323  204    0  204  323  408  473  527  451  384  303  220  220  303  384  451  507 
 523  475  422  368  329  329  368  422  475  507  451  384  303  220  220  303  384  451  473  408  323  204    0  204  323  408  473  507  451  384  303  220  220  303  384  451 
 566  523  475  422  368  329  329  368  422  555  507  451  384  303  220  220  303  384  527  473  408  323  204    0  204  323  408  555  507  451  384  303  220  220  303  384 
 604  566  523  475  422  368  329  329  368  596  555  507  451  384  303  220  220  303  572  527  473  408  323  204    0  204  323  596  555  507  451  384  303  220  220  303 
 639  604  566  523  475  422  368  329  329  632  596  555  507  451  384  303  220  220  612  572  527  473  408  323  204    0  204  632  596  555  507  451  384  303  220  220 
 669  639  604  566  523  475  422  368  329  664  632  596  555  507  451  384  303  220  646  612  572  527  473  408  323  204    0  664  632  596  555  507  451  384  303  220 
 408  419  449  487  527  565  601  634  664  323  345  395  449  500  545  586  622  654  220  303  384  451  507  555  596  632  664    0  204  323  408  473  527  572  612  646 
 419  408  419  449  487  527  565  601  634  345  323  345  395  449  500  545  586  622  220  220  303  384  451  507  555  596  632  204    0  204  323  408  473  527  572  612 
 449  419  408  419  449  487  527  565  601  395  345  323  345  395  449  500  545  586  303  220  220  303  384  451  507  555  596  323  204    0  204  323  408  473  527  572 
 487  449  419  408  419  449  487  527  565  449  395  345  323  345  395  449  500  545  384  303  220  220  303  384  451  507  555  408  323  204    0  204  323  408  473  527 
 527  487  449  419  408  419  449  487  527  500  449  395  345  323  345  395  449  500  451  384  303  220  220  303  384  451  507  473  408  323  204    0  204  323  408  473 
 565  527  487  449  419  408  419  449  487  545  500  449  395  345  323  345  395  449  507  451  384  303  220  220  303  384  451  527  473  408  323  204    0  204  323  408 
 601  565  527  487  449  419  408  419  449  586  545  500  449  395  345  323  345  395  555  507  451  384  303  220  220  303  384  572  527  473  408  323  204    0  204  323 
 634  601  565  527  487  449  419  408  419  622  586  545  500  449  395  345  323  345  596  555  507  451  384  303  220  220  303  612  572  527  473  408  323  204    0  204 
 664  634  601  565  527  487  449  419  408  654  622  586  545  500  449  395  345  323  632  596  555  507  451  384  303  220  220  646  612  572  527  473  408  323  204    0 

