

Best Solution Cost: 1206257444


RVND Stats: Swap Count: 55 Time: 0s - Swap Pair Count: 16 Time: 0.06s - Move Contour Count: 32 Time: 0.016s
Perturbation 1 Count: 0 Perturbation 2 Count: 1
Elapsed Time: 0.08 seconds

Cpu Time: 0.08 seconds

T H E O F A N D I W S R Y U B C V M L P K G J Q X ' Z - _ 

-----x-----
Best Global Solution: 
  *  *  *  *  *  *  Z  -  *  *  *  *  *  *
  *  *  *  *  *  G  D  Y  B  *  *  *  *  *
  *  *  *  *  K  I  N  A  L  V  *  *  *  *
  *  *  *  *  W  S  _  E  R  P  *  *  *  *
  *  *  *  *  '  H  T  O  M  X  *  *  *  *
  *  *  *  *  *  J  C  F  U  Q  *  *  *  *
  *  *  *  *  *  *  *  *  *  *  *  *  *  *
  *  *  *  *  *  *  *  *  *  *  *  *  *  *
  *  *  *  *  *  *  *  *  *  *  *  *  *  *
  *  *  *  *  *  *  *  *  *  *  *  *  *  *


Best Global Solution Cost: 1206257444

Row Pool final:21
0:  *  *  *  *  *  *  *  -  *  *  *  *  *  *  - Hash: 107
1:  *  *  *  *  '  K  D  Y  B  *  *  *  *  *  - Hash: 269947649
2:  *  *  *  *  G  N  S  A  L  V  *  *  *  *  - Hash: 2139478237
3:  *  *  *  *  W  I  _  E  R  P  *  *  *  *  - Hash: 954953905
4:  *  *  *  *  Z  H  T  O  M  J  *  *  *  *  - Hash: 21902538
5:  *  *  *  *  *  X  C  F  U  Q  *  *  *  *  - Hash: 216420677
6:  *  *  *  *  *  K  D  Y  B  *  *  *  *  *  - Hash: 2672749
7:  *  *  *  *  '  H  T  O  M  X  *  *  *  *  - Hash: 25099914
8:  *  *  *  *  *  Z  C  F  U  Q  *  *  *  *  - Hash: 229807523
9:  *  *  *  *  *  *  *  J  *  *  *  *  *  *  - Hash: 83
10:  *  *  *  *  *  *  Z  -  *  *  *  *  *  *  - Hash: 11021
11:  *  *  *  *  *  G  D  Y  B  *  *  *  *  *  - Hash: 2892427
12:  *  *  *  *  K  I  N  A  L  V  *  *  *  *  - Hash: 1466796227
13:  *  *  *  *  W  S  _  E  R  P  *  *  *  *  - Hash: 1287111785
14:  *  *  *  *  *  J  C  F  U  Q  *  *  *  *  - Hash: 185184703
15:  *  *  *  *  Z  K  D  G  V  *  *  *  *  *  - Hash: 665875121
16:  *  *  *  *  '  I  N  A  L  -  *  *  *  *  - Hash: 3680442727
17:  *  *  *  *  W  S  _  E  Y  B  *  *  *  *  - Hash: 944143285
18:  *  *  *  *  C  H  T  R  M  X  *  *  *  *  - Hash: 69619422
19:  *  *  *  *  *  F  O  U  P  *  *  *  *  *  - Hash: 235081
20:  *  *  *  *  *  *  J  Q  *  *  *  *  *  *  - Hash: 7387
N: 21
      0     133     113      88      51     113     133      51     113       0       0     114     140      80     113      39     121     157      61     115       5 
    133       0  136216  364908   46687   15752   14556   46506   15793     534     180   15386  152807  347487   16280    4021  152239  337455   40276   43985     670 
    113  136216       0  869022  290561  100852  133239  293057  100550     783     575  160081  486950  749704  100871  142748  466487  707272  282748  190896    1087 
     88  364908  869022       0  881345  233615  363324  884539  227941    4064    1561  398629  714452 1360799  230532  338001  640413 1235955  963641  405833    6669 
     51   46687  290561  881345       0  158832   45360  429955  157706    1110     162   57915  326909  832442  158705   36351  319301  770001  453230  226057    1148 
    113   15752  100852  233615  158832       0   15612  158416   27093    1447     150   18727  107454  223898   28503   14516  103987  194774   89570  129530    4771 
    133   14556  133239  363324   45360   15612       0   45179   15653     534     180   14925  150366  345434   16140    3459  150029  335493   38836   43737     670 
     51   46506  293057  884539  429955  158416   45179       0  157290    1110     162   57801  329073  835901  158289   36877  321240  771627  456482  225127    1171 
    113   15793  100550  227941  157706   27093   15653  157290       0    1447     150   18768  106902  218474   27612   14522  103429  190597   87749  128151    4748 
      0     534     783    4064    1110    1447     534    1110    1447       0       0     534     829    4018    1447      30     829    4513       9    2557       0 
      0     180     575    1561     162     150     180     162     150       0       0     161    1260     895     150      45    1235    1019      71     253       5 
    114   15386  160081  398629   57915   18727   14925   57801   18768     534     161       0  183680  374297   19255    4157  183376  360295   49391   53087     546 
    140  152807  486950  714452  326909  107454  150366  329073  106902     829    1260  183680       0  684280  106611  179106  450340  633386  353899  170771    1210 
     80  347487  749704 1360799  832442  223898  345434  835901  218474    4018     895  374297  684280       0  221677  300945  623213 1285039  881935  416608    6670 
    113   16280  100871  230532  158705   28503   16140  158289   27612    1447     150   19255  106611  221677       0   14546  103144  194248   87748  130570    4748 
     39    4021  142748  338001   36351   14516    3459   36877   14522      30      45    4157  179106  300945   14546       0  179187  284020   32893   36932     166 
    121  152239  466487  640413  319301  103987  150029  321240  103429     829    1235  183376  450340  623213  103144  179187       0  575791  348125  161982    1091 
    157  337455  707272 1235955  770001  194774  335493  771627  190597    4513    1019  360295  633386 1285039  194248  284020  575791       0  858998  340562    7147 
     61   40276  282748  963641  453230   89570   38836  456482   87749       9      71   49391  353899  881935   87748   32893  348125  858998       0  232956     228 
    115   43985  190896  405833  226057  129530   43737  225127  128151    2557     253   53087  170771  416608  130570   36932  161982  340562  232956       0    5718 
      5     670    1087    6669    1148    4771     670    1171    4748       0       5     546    1210    6670    4748     166    1091    7147     228    5718       0 

