n = 40
         0    399626    195746 15711401 10782283  2461487  5258090  6177253  7888154  6701969  3025400  1589077  3367289  3614104  2696363  1500378          0  1122608    464044    416322    144200    616794          0          0          0    266407    513147  1785503          0          0    969998     43953          0    287258    213035          0     48685     51532          0 13203070 
   399626          0  4434458  7667232  8242933  4993288  9787577  4826783  5298691  5658548  4750715  2359808  3355015  5076813  1225748    486669          0  1133137  1653690    142909  2993498    998492     18157          0     61272    642709    144222    408146          0          0          0          0          0     61657    143091          0          0          0          0 19410860 
   195746  4434458          0  9519031  6715372  1916025 19292859  5991324  4680979  2042942  5067586    555463  2741324  2693865  1470246  1274766  4901225  1462939    936630          0    614732  1299130          0          0    383152     54952    913520    157316          0          0          0          0          0     82891     62878          0          0          0          0 70384423 
15711401  7667232  9519031          0    386436  5589766     27098  1161800  4508883    157748    335340  1908766    916485     52218          0     64653    991649          0     94928     26719          0     19184    111056          0    202145          0          0          0    570855    165281     43912     31745    858131     25387    184351          0     44516     25989          0 23594625 
10782283  8242933  6715372    386436          0  3555695    485018  1054334  4016288    470339    601160    744635  2868477    242254    758069    438853     76115  1154599    688251     23611    164054          0    253047    653260    442403          0     58341          0    628934    275844          0          0          0          0          0     43160          0     31242          0  4850069 
 2461487  4993288  1916025  5589766  3555695          0  4382658  5169459  3988130  2044886  5784370    854999    778296  2287407  2514029  1005771    219474  1204645    752092     33371    813734    152135          0          0          0    980985          0    769102     44018          0     44673          0          0          0          0     40326          0          0          0  3133351 
 5258090  9787577 19292859     27098    485018  4382658          0  1614676     18161    243111    353622  1838402          0     53984          0          0          0          0     56629          0          0          0    152298          0    264495          0          0          0     48914     67859          0     75698          0          0     31439          0          0          0     18634 19232034 
 6177253  4826783  5991324  1161800  1054334  5169459  1614676          0  5709300          0  1864464  2305005          0          0     87663    299280          0    403680          0     31210    552301    527414          0     23279    192312          0          0          0    832067    165281          0    602582          0          0          0    217622          0          0    343934  6558045 
 7888154  5298691  4680979  4508883  4016288  3988130     18161  5709300          0          0    151310  2706092     68858    409689     18157     36270    664635          0    113017          0          0    555414    382725    263621    274089          0          0    219696    419703    113342          0     21511          0     89525          0     88046     22082          0          0  4851238 
 6701969  5658548  2042942    157748    470339  2044886    243111          0          0          0          0  1811970  1900511    278084          0     25328     31439          0    340643          0          0          0    197698    178097     36832          0          0          0          0     86355          0    438158          0          0     23973     64576          0    133537    284684  6057448 
 3025400  4750715  5067586    335340    601160  5784370    353622  1864464    151310          0          0    755180          0    406567          0          0          0          0          0          0          0    387327    107918     78234    355968          0          0     38897     62442     49368          0     18622          0          0          0     62765          0          0          0  6486099 
 1589077  2359808    555463  1908766    744635    854999  1838402  2305005  2706092  1811970    755180          0    744845  1459288    183503    150023          0  1178190    120356  1434395    150348     51927          0     71509     29445     93194    133097     21394     96375          0          0          0          0          0     32327          0          0          0          0  1203367 
 3367289  3355015  2741324    916485  2868477    778296          0          0     68858  1900511          0    744845          0    779681          0          0          0          0     25249          0     29649          0    186100     59825    119478          0          0    230859          0     71023          0    202674          0          0          0          0          0          0          0  7232540 
 3614104  5076813  2693865     52218    242254  2287407     53984          0    409689    278084    406567  1459288    779681          0    236344     70299          0    266842    560174          0          0    427000          0          0    240264          0          0          0     18327          0          0     39668          0          0          0          0     44516          0          0  3785776 
 2696363  1225748  1470246          0    758069  2514029          0     87663     18157          0          0    183503          0    236344          0          0    121056          0          0          0          0          0     54645     49325    183652          0          0          0     38643          0          0          0          0          0          0     28331          0          0          0  1524404 
 1500378    486669  1274766     64653    438853  1005771          0    299280     36270     25328          0    150023          0     70299          0          0          0          0          0          0          0          0          0          0    242878          0          0     19887          0     23615          0          0          0          0     30554          0          0          0          0  2576072 
         0          0  4901225    991649     76115    219474          0          0    664635     31439          0          0          0          0    121056          0          0          0          0          0  2430484     21325          0          0          0          0          0          0          0          0          0          0          0          0          0          0          0          0          0     95572 
 1122608  1133137  1462939          0  1154599  1204645          0    403680          0          0          0  1178190          0    266842          0          0          0          0     42921          0          0     20067     75444     85415          0          0          0          0          0    101726          0          0          0          0          0          0          0          0          0  1256291 
   464044  1653690    936630     94928    688251    752092     56629          0    113017    340643          0    120356     25249    560174          0          0          0     42921          0          0          0          0          0     18447          0          0          0          0          0          0          0    202674          0          0          0          0    182176          0          0  1590095 
   416322    142909          0     26719     23611     33371          0     31210          0          0          0  1434395          0          0          0          0          0          0          0          0          0          0          0     29910          0          0          0          0          0          0          0          0          0          0          0          0          0          0          0    730343 
   144200  2993498    614732          0    164054    813734          0    552301          0          0          0    150348     29649          0          0          0  2430484          0          0          0          0          0          0          0          0          0          0          0          0          0    881519          0          0          0          0          0          0          0          0     36281 
   616794    998492  1299130     19184          0    152135          0    527414    555414          0    387327     51927          0    427000          0          0     21325     20067          0          0          0          0          0          0          0          0          0          0          0          0     18157          0          0    112564          0          0          0          0          0  1403810 
         0     18157          0    111056    253047          0    152298          0    382725    197698    107918          0    186100          0     54645          0          0     75444          0          0          0          0          0          0          0          0          0          0          0          0          0          0          0          0          0          0          0          0          0    161584 
         0          0          0          0    653260          0          0     23279    263621    178097     78234     71509     59825          0     49325          0          0     85415     18447     29910          0          0          0          0          0          0          0     44946          0          0          0          0          0          0          0          0          0          0          0    470556 
         0     61272    383152    202145    442403          0    264495    192312    274089     36832    355968     29445    119478    240264    183652    242878          0          0          0          0          0          0          0          0          0     29445          0          0          0          0          0          0          0          0          0          0          0          0          0          0 
   266407    642709     54952          0          0    980985          0          0          0          0          0     93194          0          0          0          0          0          0          0          0          0          0          0          0     29445          0          0          0          0          0          0          0          0          0          0          0          0          0          0    645730 
   513147    144222    913520          0     58341          0          0          0          0          0          0    133097          0          0          0          0          0          0          0          0          0          0          0          0          0          0          0          0          0          0          0     18157          0          0          0          0          0          0          0    629230 
 1785503    408146    157316          0          0    769102          0          0    219696          0     38897     21394    230859          0          0     19887          0          0          0          0          0          0          0     44946          0          0          0          0          0          0          0          0          0          0          0          0          0          0          0          0 
         0          0          0    570855    628934     44018     48914    832067    419703          0     62442     96375          0     18327     38643          0          0          0          0          0          0          0          0          0          0          0          0          0          0          0          0          0          0          0          0          0          0          0          0    122860 
         0          0          0    165281    275844          0     67859    165281    113342     86355     49368          0     71023          0          0     23615          0    101726          0          0          0          0          0          0          0          0          0          0          0          0          0          0          0          0          0          0          0          0          0          0 
   969998          0          0     43912          0     44673          0          0          0          0          0          0          0          0          0          0          0          0          0          0    881519     18157          0          0          0          0          0          0          0          0          0          0          0          0          0          0          0          0          0     18263 
    43953          0          0     31745          0          0     75698    602582     21511    438158     18622          0    202674     39668          0          0          0          0    202674          0          0          0          0          0          0          0     18157          0          0          0          0          0          0          0          0          0          0          0          0    100640 
         0          0          0    858131          0          0          0          0          0          0          0          0          0          0          0          0          0          0          0          0          0          0          0          0          0          0          0          0          0          0          0          0          0          0          0          0          0          0          0    858131 
   287258     61657     82891     25387          0          0          0          0     89525          0          0          0          0          0          0          0          0          0          0          0          0    112564          0          0          0          0          0          0          0          0          0          0          0          0          0          0          0          0          0    427380 
   213035    143091     62878    184351          0          0     31439          0          0     23973          0     32327          0          0          0     30554          0          0          0          0          0          0          0          0          0          0          0          0          0          0          0          0          0          0          0          0          0          0          0          0 
         0          0          0          0     43160     40326          0    217622     88046     64576     62765          0          0          0     28331          0          0          0          0          0          0          0          0          0          0          0          0          0          0          0          0          0          0          0          0          0          0          0          0     19570 
    48685          0          0     44516          0          0          0          0     22082          0          0          0          0     44516          0          0          0          0    182176          0          0          0          0          0          0          0          0          0          0          0          0          0          0          0          0          0          0          0          0    252943 
    51532          0          0     25989     31242          0          0          0          0    133537          0          0          0          0          0          0          0          0          0          0          0          0          0          0          0          0          0          0          0          0          0          0          0          0          0          0          0          0          0    299910 
         0          0          0          0          0          0     18634    343934          0    284684          0          0          0          0          0          0          0          0          0          0          0          0          0          0          0          0          0          0          0          0          0          0          0          0          0          0          0          0          0     83296 
13203070 19410860 70384423 23594625  4850069  3133351 19232034  6558045  4851238  6057448  6486099  1203367  7232540  3785776  1524404  2576072     95572  1256291  1590095    730343     36281  1403810    161584    470556          0    645730    629230          0    122860          0     18263    100640    858131    427380          0     19570    252943    299910     83296          0 

