n = 40
         0    511917    416704 15275634 13930202  3185787  8878792  7818814  7016014  7283112  3493859  2207126  2610834  4660416  3812260  1166735     41625  1172616    799608    329750    259331  1980153          0          0          0    117163    556548    528311          0     25531    520664          0          0    109611     84556          0     76820          0          0 61877759 
   511917          0    238331 10583315 10383027  4243691 13288627 11698939  6242005  5378015  3732961  2741620  4957061  7349379  2504503    476801          0  1323888  3085462    282281  2761643  1038856          0          0    709431  1132708    562332    148233          0          0          0    358285          0          0     61497          0          0          0          0 71577128 
   416704    238331          0 15983926  8124421  2520668  6876215  4379692  5487576  2686936  5001664  1619619  2704720  3661852  1825536    978289  4476800  1181161  2615154     41015    271172  1983928          0          0          0     18124  1119475    126745          0          0          0          0          0     44881     62878          0          0          0          0 28294152 
15275634 10583315 15983926          0    640163  5646849    294458    962875  3422552    113896    406631  2042549    613008     53389          0    112200    808068     19186    252219          0          0     19184    628910    287359    982139          0          0          0    685245    721406          0     94040     26543          0    136778          0          0          0          0 34558602 
13930202 10383027  8124421    640163          0  6388859    376737    745403  4680732  1314138  1027067  1420399  4342216    266065    299080    204791          0  1093493  2533738          0    201389          0    180159  1204898    104430          0     19313          0    687975    553498          0          0          0          0          0          0          0          0          0  7017743 
 3185787  4243691  2520668  5646849  6388859          0  4891485  4348799  4299869  2675007  5363179  1322351    707578  4016925  2599296  1870651     75506    896713    867319     33371    461623    257685     18326    138539          0    732007     18259    376714     69963          0     44673          0          0          0          0     28178          0     18741          0  2139531 
 8878792 13288627  6876215    294458    376737  4891485          0  1988650     21561     82910          0  1420204     46591     28869     19459          0     35178          0          0          0          0          0    283949     18336    244591          0          0          0     99090          0          0    394701          0          0     31439          0          0          0          0  9229594 
 7818814 11698939  4379692    962875    745403  4348799  1988650          0  6899298          0  1490976  2053254          0          0    609433    327220    573695    504190          0          0    913088    739644          0     22520    174667          0          0          0    806177    262938          0    494544          0          0          0    124402          0     18741    137006 10331191 
 7016014  6242005  5487576  3422552  4680732  4299869     21561  6899298          0          0    202535  3303602     23629    651137          0          0     20022          0     72152          0          0  2133866    201958    274129    170645          0     18208     99842    106183    211861          0          0          0     85867          0     68699     55270          0     28725  7448467 
 7283112  5378015  2686936    113896  1314138  2675007     82910          0          0          0          0  1981486  1201333    250808          0          0     31439     57979    562817          0          0          0    381700     88351          0          0          0          0    235570     18141          0    513576          0          0          0     95166          0    432651    108281  8353892 
 3493859  3732961  5001664    406631  1027067  5363179          0  1490976    202535          0          0  1201125     52119    325573          0          0          0          0          0          0          0    291797    350512          0    173924          0          0          0          0          0          0     33794          0          0     27968     30775          0          0          0  5136379 
 2207126  2741620  1619619  2042549  1420399  1322351  1420204  2053254  3303602  1981486  1201125          0    977874  2287419     77634    568095          0    882021    336736  1379432    128442    134695     55883          0     18947    114692    324940     65433     57549          0          0          0          0          0     22920          0          0          0          0  2711639 
 2610834  4957061  2704720    613008  4342216    707578     46591          0     23629  1201333     52119    977874          0    582149          0     18926     45077     18141          0          0     58835          0    161584     91240     76278          0          0    212339     18375    677479     58141    120708          0          0          0          0          0          0          0 11208317 
 4660416  7349379  3661852     53389    266065  4016925     28869          0    651137    250808    325573  2287419    582149          0    763978     22947          0    557136    460590          0          0  1656405     43339     24528    376259          0          0          0    148502     34662          0    126203          0          0     22901          0          0          0          0  3738197 
 3812260  2504503  1825536          0    299080  2599296     19459    609433          0          0          0     77634          0    763978          0          0          0          0          0          0          0          0     22665    108345    196375          0          0          0    106605          0          0          0          0          0          0          0          0          0          0  1508663 
 1166735    476801    978289    112200    204791  1870651          0    327220          0          0          0    568095     18926     22947          0          0          0          0          0          0          0          0     19582     18141     87508          0          0          0          0          0          0          0          0          0     19289          0          0          0          0  1972813 
    41625          0  4476800    808068          0     75506     35178    573695     20022     31439          0          0     45077          0          0          0          0     76149          0          0  2639966    144891          0          0          0    131752     18259          0          0          0          0          0          0          0          0          0          0          0          0     81577 
 1172616  1323888  1181161     19186  1093493    896713          0    504190          0     57979          0    882021     18141    557136          0          0     76149          0          0          0          0          0     25013     88059          0          0          0          0    111515          0          0          0          0          0     28221     27525          0          0          0  1376958 
   799608  3085462  2615154    252219  2533738    867319          0          0     72152    562817          0    336736          0    460590          0          0          0          0          0          0          0          0          0     52132          0          0     21525          0     18302          0          0    120708          0          0          0          0          0          0          0  1510756 
   329750    282281     41015          0          0     33371          0          0          0          0          0  1379432          0          0          0          0          0          0          0          0          0          0          0          0          0          0          0          0          0          0          0          0          0          0          0          0          0          0          0    792955 
   259331  2761643    271172          0    201389    461623          0    913088          0          0          0    128442     58835          0          0          0  2639966          0          0          0          0          0          0          0          0          0          0          0          0          0    417850          0          0          0          0          0          0          0          0     36477 
 1980153  1038856  1983928     19184          0    257685          0    739644  2133866          0    291797    134695          0  1656405          0          0    144891          0          0          0          0          0          0          0          0          0          0          0          0          0          0          0          0          0          0          0          0          0          0  2080036 
         0          0          0    628910    180159     18326    283949          0    201958    381700    350512     55883    161584     43339     22665     19582          0     25013          0          0          0          0          0          0          0          0          0          0          0          0          0          0          0          0          0          0          0          0          0    512332 
         0          0          0    287359  1204898    138539     18336     22520    274129     88351          0          0     91240     24528    108345     18141          0     88059     52132          0          0          0          0          0          0          0          0     44946          0          0          0          0          0          0          0          0          0          0          0    636445 
         0    709431          0    982139    104430          0    244591    174667    170645          0    173924     18947     76278    376259    196375     87508          0          0          0          0          0          0          0          0          0          0          0     34825          0          0          0          0          0          0          0          0          0          0          0     59499 
   117163  1132708     18124          0          0    732007          0          0          0          0          0    114692          0          0          0          0    131752          0          0          0          0          0          0          0          0          0          0          0          0          0          0          0          0          0          0          0          0          0          0    225298 
   556548    562332  1119475          0     19313     18259          0          0     18208          0          0    324940          0          0          0          0     18259          0     21525          0          0          0          0          0          0          0          0          0          0          0          0     41214          0          0          0          0          0          0          0  1888563 
   528311    148233    126745          0          0    376714          0          0     99842          0          0     65433    212339          0          0          0          0          0          0          0          0          0          0     44946     34825          0          0          0     19115     54961          0          0          0          0          0          0          0          0          0     75358 
         0          0          0    685245    687975     69963     99090    806177    106183    235570          0     57549     18375    148502    106605          0          0    111515     18302          0          0          0          0          0          0          0          0     19115          0          0          0          0          0          0          0          0          0          0          0     76060 
    25531          0          0    721406    553498          0          0    262938    211861     18141          0          0    677479     34662          0          0          0          0          0          0          0          0          0          0          0          0          0     54961          0          0          0          0          0          0          0          0          0          0          0     96481 
   520664          0          0          0          0     44673          0          0          0          0          0          0     58141          0          0          0          0          0          0          0    417850          0          0          0          0          0          0          0          0          0          0          0          0          0          0          0          0          0          0          0 
         0    358285          0     94040          0          0    394701    494544          0    513576     33794          0    120708    126203          0          0          0          0    120708          0          0          0          0          0          0          0     41214          0          0          0          0          0          0          0          0          0          0          0          0    126203 
         0          0          0     26543          0          0          0          0          0          0          0          0          0          0          0          0          0          0          0          0          0          0          0          0          0          0          0          0          0          0          0          0          0          0          0          0          0          0          0     26543 
   109611          0     44881          0          0          0          0          0     85867          0          0          0          0          0          0          0          0          0          0          0          0          0          0          0          0          0          0          0          0          0          0          0          0          0          0          0          0          0          0    185411 
    84556     61497     62878    136778          0          0     31439          0          0          0     27968     22920          0     22901          0     19289          0     28221          0          0          0          0          0          0          0          0          0          0          0          0          0          0          0          0          0          0          0          0          0     22901 
         0          0          0          0          0     28178          0    124402     68699     95166     30775          0          0          0          0          0          0     27525          0          0          0          0          0          0          0          0          0          0          0          0          0          0          0          0          0          0          0          0          0     64391 
    76820          0          0          0          0          0          0          0     55270          0          0          0          0          0          0          0          0          0          0          0          0          0          0          0          0          0          0          0          0          0          0          0          0          0          0          0          0          0          0    132090 
         0          0          0          0          0     18741          0     18741          0    432651          0          0          0          0          0          0          0          0          0          0          0          0          0          0          0          0          0          0          0          0          0          0          0          0          0          0          0          0          0    432651 
         0          0          0          0          0          0          0    137006     28725    108281          0          0          0          0          0          0          0          0          0          0          0          0          0          0          0          0          0          0          0          0          0          0          0          0          0          0          0          0          0          0 
61877759 71577128 28294152 34558602  7017743  2139531  9229594 10331191  7448467  8353892  5136379  2711639 11208317  3738197  1508663  1972813     81577  1376958  1510756    792955     36477  2080036    512332    636445     59499    225298  1888563     75358     76060     96481          0    126203     26543    185411     22901     64391    132090    432651          0          0 

