n = 27
     0  72673  93407  67137 250525  13104 233724  46569  95143 370267   3606 165198 186708 108667  47494    918 158579  84173  20269  12453  28443   1677    619     53    426    394 828324 
 72673      0 117146 128296  13086  90060  37216  26472     47  27181 181808    616  35905    122    101   1758    106      0      0      0      0      0      0    128    543      0 261637 
 93407 117146      0  25884     58  27864    290    242    147     99   5620    137    698      0   2382      0    654      0      0      0      0      0      0      0      0      0  33020 
 67137 128296  25884      0 197429 108174 211887  49337  50727 144062 123828 101078 158585  90928  67155    203 172884  64282  39027  58798  34448    498    256      0    391     75 587869 
250525  13086     58 197429      0 297346     61  34953   6126   7009 124359   1645   1515   5922  38828     40  37622   1623   1513    332   7615      0     38    370      0      0 317346 
 13104  90060  27864 108174 297346      0 227441  46847  68158 243760   1488  88165  88566 124448  43615     67 253403  78321  35316  48456  25455    574    494    259    127    550 843884 
233724  37216    290 211887     61 227441      0 128193     31  16056 344638  49408  16408      0  27574   5093 123256   6354   6839  25396      0      0      0    154    127      0 266589 
 46569  26472    242  49337  34953  46847 128193      0  20795  31982  31648  21303  61403  12822  13290  65064  71178   4756   9055   3725  10531     92     39      0     77    316 127320 
 95143     47    147  50727   6126  68158     31  20795      0  70877  95190    555  24968  28665      0      0      0      0      0      0      0      0      0      0      0      0 222693 
370267  27181     99 144062   7009 243760  16056  31982  70877      0 198859  19985  20612  13807  21115     31 113031   9399  11749   3245  11956      0      0    310    495      0 112701 
  3606 181808   5620 123828 124359   1488 344638  31648  95190 198859      0  61263 135382  96355  31945    178 193742  58298  21585   8448  11515     87    372    434    272    616 547304 
165198    616    137 101078   1645  88165  49408  21303    555  19985  61263      0    768      0     41      0      0      0      0      0      0      0     67    233      0      0 258077 
186708  35905    698 158585   1515  88566  16408  61403  24968  20612 135382    768      0   2259    487   1116 109656   1447   2590      0    405      0      0      0    231      0 258883 
108667    122      0  90928   5922 124448      0  12822  28665  13807  96355      0   2259      0      0      0    509      0     28      0  10935      0      0      0     96      0 123656 
 47494    101   2382  67155  38828  43615  27574  13290      0  21115  31945     41    487      0      0      0    246      0      0      0      0      0     30      0     58      0  63843 
   918   1758      0    203     40     67   5093  65064      0     31    178      0   1116      0      0      0      0      0      0      0      0      0      0      0      0      0  55794 
158579    106    654 172884  37622 253403 123256  71178      0 113031 193742      0 109656    509    246      0      0    532     48     47     30    134     76    161     34     31  77241 
 84173      0      0  64282   1623  78321   6354   4756      0   9399  58298      0   1447      0      0      0    532      0      0      0      0      0      0      0      0      0  61055 
 20269      0      0  39027   1513  35316   6839   9055      0  11749  21585      0   2590     28      0      0     48      0      0      0      0      0      0      0      0      0  77651 
 12453      0      0  58798    332  48456  25396   3725      0   3245   8448      0      0      0      0      0     47      0      0      0      0      0      0      0      0      0   1625 
 28443      0      0  34448   7615  25455      0  10531      0  11956  11515      0    405  10935      0      0     30      0      0      0      0      0      0    120      0      0  32225 
  1677      0      0    498      0    574      0     92      0      0     87      0      0      0      0      0    134      0      0      0      0      0      0     49      0      0   1673 
   619      0      0    256     38    494      0     39      0      0    372     67      0      0     30      0     76      0      0      0      0      0      0    147      0      0   1234 
    53    128      0      0    370    259    154      0      0    310    434    233      0      0      0      0    161      0      0      0    120     49    147      0     97      0   1723 
   426    543      0    391      0    127    127     77      0    495    272      0    231     96     58      0     34      0      0      0      0      0      0     97      0      0   1668 
   394      0      0     75      0    550      0    316      0      0    616      0      0      0      0      0     31      0      0      0      0      0      0      0      0      0   1622 
828324 261637  33020 587869 317346 843884 266589 127320 222693 112701 547304 258077 258883 123656  63843  55794  77241  61055  77651   1625  32225   1673   1234   1723   1668   1622      0 
