n = 27
        0   3952826   7180216  92824796  81211317  15353083  87210788  53203135  48737926  58231064  20702449  26306903  20625923  28337830  17754651  10206228  12306009   6235933   1550572   5038116   4035461   3475308   6469203    554544    151514     95333 222663989 
  3952826         0   6280396  61596984  84458864  37059135  69231340  55132408  47993862  45083843  48362079  15661369  28315491  42873038  13660004   6076106   9216966  10343375   1458622   6671100   6119540   3468402   1834705    384233     75167      9011 225163862 
  7180216   6280396         0  65988159  56276816  20485802  57656431  41869221  33275612  33005348  47394275   9002473  27529699  20381256   9615855  13273882   7323131   7590108    123093   7024330    857998   3336089   1298656    419388    199498     70622 209060744 
 92824796  61596984  65988159         0   3990511  41526570    575526   8984136  27229118   1985443   4689937  12972181   5273746    630656     93305    554266    127013   1005936    927817    210782      8175         0         0     60886    276179     37731 158174038 
 81211317  84458864  56276816   3990511         0  35064858   4438545   3961280  27510150   5747692   7442159  10587910  21691055    531925   2554436   2201493   7567577   6929129    725267     65605         0    136580     15358         0    150545    180839  50678712 
 15353083  37059135  20485802  41526570  35064858         0  34187452  34687781  33827490  19879762  42556325   6925181   5874811  23785722  18397705  12244486   8199851   4710034    302201   1778563   5532300     26323   2833063    446983      9044     37263  23200101 
 87210788  69231340  57656431    575526   4438545  34187452         0  17111494     42949    540918    394205   9223043     71300    839234     97037     52242     47521    140992     58463      8821         0     11836         0      8362    120843         0 115037479 
 53203135  55132408  41869221   8984136   3961280  34687781  17111494         0  42728516     15848  15143801  11892098     29444     32750   1943020   2216249   2867899     41018    400908   4745022     74043    284200         0     14602     47455     39594  37876034 
 48737926  47993862  33275612  27229118  27510150  33827490     42949  42728516         0    147697   1909466  15735018    332139   4012884    128975    131833     58085    479037         0   3475812      8175         0   1170228    174879    162521         0  28977658 
 58231064  45083843  33005348   1985443   5747692  19879762    540918     15848    147697         0    190701  20909190   8431665   1609991         0     62510    361360   3512837         0     24181     26560     23768         0         0     19283    432651  75038858 
 20702449  48362079  47394275   4689937   7442159  42556325    394205  15143801   1909466    190701         0   8433724    438930   2675944     25939    100139      9715     78626     13185   2298986         0      9240    273886         0     30029     55353  52372641 
 26306903  15661369   9002473  12972181  10587910   6925181   9223043  11892098  15735018  20909190   8433724         0   5369920  12012881    599134   2181801   6711528   3424836  27807352    747819    807175   2218286    301418         0         0     24349  25500400 
 20625923  28315491  27529699   5273746  21691055   5874811     71300     29444    332139   8431665    438930   5369920         0   3387540     11355     77936     17710     51662     21435    124678         0         0   1337384         0     40592         0  66106863 
 28337830  42873038  20381256    630656    531925  23785722    839234     32750   4012884   1609991   2675944  12012881   3387540         0   1745550    968918   1582259   2211499    304680   5467135     31032      8176         0     12496    138599      9283  29051701 
 17754651  13660004   9615855     93305   2554436  18397705     97037   1943020    128975         0     25939    599134     11355   1745550         0      9969      8940     20084         0         0         0         0     60188         0         0         0  12478669 
 10206228   6076106  13273882    554266   2201493  12244486     52242   2216249    131833     62510    100139   2181801     77936    968918      9969         0     17741     15540         0    109640         0         0     19887         0         0         0  24862775 
 12306009   9216966   7323131    127013   7567577   8199851     47521   2867899     58085    361360      9715   6711528     17710   1582259      8940     17741         0     42921         0    121342         0         0         0         0     20052    146584   8902115 
  6235933  10343375   7590108   1005936   6929129   4710034    140992     41018    479037   3512837     78626   3424836     51662   2211499     20084     15540     42921         0         0         0         0    661127         0         0    182176         0  10432727 
  1550572   1458622    123093    927817    725267    302201     58463    400908         0         0     13185  27807352     21435    304680         0         0         0         0         0         0         0         0         0         0         0         0  22785517 
  5038116   6671100   7024330    210782     65605   1778563      8821   4745022   3475812     24181   2298986    747819    124678   5467135         0    109640    121342         0         0         0     23625         0         0    162716     39649         0   8002296 
  4035461   6119540    857998      8175         0   5532300         0     74043      8175     26560         0    807175         0     31032         0         0         0         0         0     23625         0         0         0         0      8842         0   3139656 
  3475308   3468402   3336089         0    136580     26323     11836    284200         0     23768      9240   2218286         0      8176         0         0         0    661127         0         0         0         0         0         0         0         0   6249047 
  6469203   1834705   1298656         0     15358   2833063         0         0   1170228         0    273886    301418   1337384         0     60188     19887         0         0         0         0         0         0         0         0         0         0   1277672 
   554544    384233    419388     60886         0    446983      8362     14602    174879         0         0         0         0     12496         0         0         0         0         0    162716         0         0         0         0     23938         0   2037903 
   151514     75167    199498    276179    150545      9044    120843     47455    162521     19283     30029         0     40592    138599         0         0     20052    182176         0     39649      8842         0         0     23938         0         0   1650852 
    95333      9011     70622     37731    180839     37263         0     39594         0    432651     55353     24349         0      9283         0         0    146584         0         0         0         0         0         0         0         0         0   1313939 
222663989 225163862 209060744 158174038  50678712  23200101 115037479  37876034  28977658  75038858  52372641  25500400  66106863  29051701  12478669  24862775   8902115  10432727  22785517   8002296   3139656   6249047   1277672   2037903   1650852   1313939         0 
