n = 32
     0 123397  35959  48349   2959  45334  20926     31  50679   2152  30537  16842   5056  17884    568   7905      0    327   6118   1947      0    358      0      0    961   1183     10 220759 220759 220759 220759 220759 
123397      0 106244  16912     96  35761    480     96  31617  15406  12137   2741   1051   2135     96  14925      0    234    198   1044      7   9420      0      6     83     31      0  81361  81361  81361  81361  81361 
 35959 106244      0   2149  11393  21652  53149  50387  13020  14977  49975 103057   8392   3069  18589  24255  30611  31413  33903  14548   8331  10732   1079    855   4456    511    756 185654 185654 185654 185654 185654 
 48349  16912   2149      0  50680   1337  53294  11189  13948  20530  18462  49189  10299  36050   6920  18219   5964  23866  17354  12263   2970   5692   1110     32    193    113    101 103810 103810 103810 103810 103810 
  2959     96  11393  50680      0   7191   1253    134  11152     79    379   7483    147   3246      0      0      0    143   4055      5     68      0      0      0     29      0      0  72423  72423  72423  72423  72423 
 45334  35761  21652   1337   7191      0  64249  17649  15061  19215  36579  37346   8592   4909   7905  19370   9757  21027  31583  10912   4015   8939    527      0    630     34    386  83668  83668  83668  83668  83668 
 20926    480  53149  53294   1253  64249      0  46275  67537   3415   8657   4011   3538  11274    363   8420    774    476   2225     35   4626  26820    256    181    134   1320     29  85486  85486  85486  85486  85486 
    31     96  50387  11189    134  17649  46275      0  18597    307   3488   8528   1565   3793     22      6    478    337  11066      9     21    719     30     12      0    264      0 119153 119153 119153 119153 119153 
 50679  31617  13020  13948  11152  15061  67537  18597      0  14737  41352  23690    952   2628   3261  16461  10175  16750  25200   4118   4810  10286     46     76    908    459    658  70840  70840  70840  70840  70840 
  2152  15406  14977  20530     79  19215   3415    307  14737      0   2043   1416    174     22      0      0      0      0    934     94     47      0      0      0      5      0      0  67905  67905  67905  67905  67905 
 30537  12137  49975  18462    379  36579   8657   3488  41352   2043      0   9444   2802  18384    966   2622      0   3659   3549   5396   2474   1508      0    123      0    928      0 137460 137460 137460 137460 137460 
 16842   2741 103057  49189   7483  37346   4011   8528  23690   1416   9444      0   6910  16640   3478   4851   1220   5106   2512   9022   2631   6731      9     18      0    221      0  68849  68849  68849  68849  68849 
  5056   1051   8392  10299    147   8592   3538   1565    952    174   2802   6910      0     77   5317    482    163   4388  11377    756    156    206      0      0      6    130     47  59024  59024  59024  59024  59024 
 17884   2135   3069  36050   3246   4909  11274   3793   2628     22  18384  16640     77      0   7240   6517     21   5073  11997   6889    129   6814   1447   3129     89    135     37  15539  15539  15539  15539  15539 
   568     96  18589   6920      0   7905    363     22   3261      0    966   3478   5317   7240      0     16     46   1732   5390      6      0      0    504      0      0      0      0  36270  36270  36270  36270  36270 
  7905  14925  24255  18219      0  19370   8420      6  16461      0   2622   4851    482   6517     16      0      0      4   3095      0   3378      0      0    172    787      5      0  30974  30974  30974  30974  30974 
     0      0  30611   5964      0   9757    774    478  10175      0      0   1220    163     21     46      0      0      0    806      0      0      0      0      0      0    231      6   5174   5174   5174   5174   5174 
   327    234  31413  23866    143  21027    476    337  16750      0   3659   5106   4388   5073   1732      4      0      0    681   3961     39    101      0      0      0      0      0  49938  49938  49938  49938  49938 
  6118    198  33903  17354   4055  31583   2225  11066  25200    934   3549   2512  11377  11997   5390   3095    806    681      0   6162   1086   1791      0      0      0    397     41  42138  42138  42138  42138  42138 
  1947   1044  14548  12263      5  10912     35      9   4118     94   5396   9022    756   6889      6      0      0   3961   6162      0      0     11      0      0   1206      0      0  28840  28840  28840  28840  28840 
     0      7   8331   2970     68   4015   4626     21   4810     47   2474   2631    156    129      0   3378      0     39   1086      0      0     15      0    124      0      0      0  12712  12712  12712  12712  12712 
   358   9420  10732   5692      0   8939  26820    719  10286      0   1508   6731    206   6814      0      0      0    101   1791     11     15      0      0      0      0     67      0  36076  36076  36076  36076  36076 
     0      0   1079   1110      0    527    256     30     46      0      0      9      0   1447    504      0      0      0      0      0      0      0      0      0      0      0      0   2930   2930   2930   2930   2930 
     0      6    855     32      0      0    181     12     76      0    123     18      0   3129      0    172      0      0      0      0    124      0      0      0     23      0      0   1656   1656   1656   1656   1656 
   961     83   4456    193     29    630    134      0    908      5      0      0      6     89      0    787      0      0      0   1206      0      0      0     23      0      0      0    572    572    572    572    572 
  1183     31    511    113      0     34   1320    264    459      0    928    221    130    135      0      5    231      0    397      0      0     67      0      0      0      0      0    393    393    393    393    393 
    10      0    756    101      0    386     29      0    658      0      0      0     47     37      0      0      6      0     41      0      0      0      0      0      0      0      0     59     59     59     59     59 
220759  81361 185654 103810  72423  83668  85486 119153  70840  67905 137460  68849  59024  15539  36270  30974   5174  49938  42138  28840  12712  36076   2930   1656    572    393     59      0      0      0      0      0 
220759  81361 185654 103810  72423  83668  85486 119153  70840  67905 137460  68849  59024  15539  36270  30974   5174  49938  42138  28840  12712  36076   2930   1656    572    393     59      0      0      0      0      0 
220759  81361 185654 103810  72423  83668  85486 119153  70840  67905 137460  68849  59024  15539  36270  30974   5174  49938  42138  28840  12712  36076   2930   1656    572    393     59      0      0      0      0      0 
220759  81361 185654 103810  72423  83668  85486 119153  70840  67905 137460  68849  59024  15539  36270  30974   5174  49938  42138  28840  12712  36076   2930   1656    572    393     59      0      0      0      0      0 
220759  81361 185654 103810  72423  83668  85486 119153  70840  67905 137460  68849  59024  15539  36270  30974   5174  49938  42138  28840  12712  36076   2930   1656    572    393     59      0      0      0      0      0 
