n = 41
      0 3599209 44875820 31611574  134792 43450806 42749442   42980 31596153  177031 27259655 27526992  167577 15652762  479605 1917371  128975  148024 4019002  334086       0   58443       0       0 1171189    1183    8185   27305 1591975       0 2986435 2560798 2282016  911630 1390048  186150  100140       0  435617  136189 29198417 
3599209       0 5130371 6592782  109736 5628653 4745502    8917 1792840  178122  222919   68346   40700  749954      96 2313911       0   24415 5467333  125722       7  130762       0       6      83      31   23625       0  313417       0   13989  764791   17340       0   10151  414324       0       0       0   23985 8083657 
44875820 5130371       0 1787384 10030432 3679590 49153099 85162230 15214552  569521 90191476 77889082  159906 26142810 4823303 19329910 17096741 53550568 27136774 20015342  103664 11442221 3476387 1551427 6357654     511 3999444  605485  294888 1396794       0       0  151551   12514   92273 5302708  167162       0       0       0 208586068 
31611574 6592782 1787384       0 13215353 6257748 40584611 57213415 20039162  439918 63729525 53579655  209797 9038523 7528096 45435590 9511178 32219966 19655717 25888052   73592 6778328 3337199  112386  949376     113  768123  237983 33400955 1976904    9022   30058  460588       0       0       0       0       0       0   14415 208057590 
 134792  109736 10030432 13215353       0 5610231 2217502   52376 11305980      79  554645 2208976     147 2185047   15540  100139    9969   62653  972973   77941      68   17741       0       0   19916       0       0  128936    8742       0  154754  417697  949658   32435  109209       0       0       0   46627       0 24935198 
43450806 5628653 3679590 6257748 5610231       0 47571104 68626118 35794167  403448 53724057 77526163   83759 15011321 10006799 29508232 12456431 43211983 41488657 27951264   13026 8328943 2444779 1368308 1630753      34 5977636  612099       0 18873217   53293       0 1280029   15539       0       0  654957       0       0   23985 212400145 
42749442 4745502 49153099 40584611 2217502 47571104       0 17157769 32619741   18017 8992793 3965291   50993 10466844   41381 11612404 1943794   16324   34975   29479   44220 2894719  284456  401089     134    1320   74072   45287 5159334 3539817  126384 1398385 2135577 3976801  386085       0 1436528       0 1067834  951819 37961520 
  42980    8917 85162230 57213415   52376 68626118 17157769       0 32929623    8669  579014 4447073  122408 8214844  141014  394211   97515  541255  850300   71309      21   48240   11866   58475       0     264       0   93871  151678       0 1515019  440142 1276426  583926  417041       0 1011992       0   31051   37164 115156632 
31596153 1792840 15214552 20039162 11305980 35794167 32619741 32929623       0  461720 39085074 33598052    9996 6927809 4596870 39045143 16675215 19021261 21543959 5052215   42073 8067841   26369  233797 2788861     459 5404845    8837  984657 3527643  487838  485619       0  808713   97120  210665       0       0   85979       0 22717438 
 177031  178122  569521  439918      79  403448   18017    8669  461720       0   62929    1416   24112      22       0       0       0       0   13430      94      47       0       0       0       5       0       0       0       0       0       0       0       0       0       0       0       0       0       0       0 2105808 
27259655  222919 90191476 63729525  554645 53724057 8992793  579014 39085074   62929       0 3999955  278981 12606480 1006902 4692559   93305 1989102  634205 5279142   40205  128521       0  927940       0     928    8175  910907 5773256       0 1646465 1265588 2482848 1036830 1828074  436230  384085  870662       0   12792 158311498 
27526992   68346 77889082 53579655 2208976 77526163 3965291 4447073 33598052    1416 3999955       0  157455 10495089 6932607 6662993 2555656 5752798  534437 21700077  183470 7574308  136589  725285   15358     221       0   41526  595127  784017 2181434 6163520 1490496 1243858 2558632   65642  109461       0  211400  122076 50747561 
 167577   40700  159906  209797     147   83759   50993  122408    9996   24112  278981  157455       0      77  187493   30511     163   23671  149976   41348     156   20258       0       0       6     130    8889      89       0       0       0       0       0       0       0       0       0       0       0       0 1709876 
15652762  749954 26142810 9038523 2185047 15011321 10466844 8214844 6927809      22 12606480 10495089      77       0 2556265 8263186  491321 19792195 11477670 4489258   24478 6707829 2107103 27810481  301507     135  807212  108272       0 1695970  206818  175797  711707  548274       0       0       0       0       0       0 24765634 
 479605      96 4823303 7528096   15540 10006799   41381  141014 4596870       0 1006902 6932607  187493 2556265       0   78642   20130 3514569 2216889   51668       0   42921  661631       0       0       0       0    9502       0       0 1403087  344481  116425   28132   68932       0  875811       0       0       0 10468997 
1917371 2313911 19329910 45435590  100139 29508232 11612404  394211 39045143       0 4692559 6662993   30511 8263186   78642       0   25939  190705 2679039  128746   58731    9715    9240   13357  274673       5       0   46752   17355  135904 1418678  467766 2196431  393838  378218       0  177055       0  653190       0 52296859 
 128975       0 17096741 9511178    9969 12456431 1943794   97515 16675215       0   93305 2555656     163  491321   20130   25939       0       0 1746356   11355       0    8940       0       0   60188     231       6   12980  139146       0  440848 1045853 1732665  247673   85761       0  107834       0   28331   24880 12483843 
 148024   24415 53550568 32219966   62653 43211983   16324  541255 19021261       0 1989102 5752798   23671 19792195 3514569  190705       0       0 1610672 8435626  432690  361461   23768       0       0       0   26560  233087  447981       0 3921380  602557  875251  790529  202645    8399 1122068       0  842349  598204 75088796 
4019002 5467333 27136774 19655717  972973 41488657   34975  850300 21543959   13430  634205  534437  149976 11477670 2216889 2679039 1746356 1610672       0 3393702   10369 1584050    8176  304680       0     397   31073   73697   28215       0  935039 1287055 2266963  299920  639831       0  547208       0  100694  103062 29093839 
 334086  125722 20015342 25888052   77941 27951264   29479   71309 5052215      94 5279142 21700077   41348 4489258   51668  128746   11355 8435626 3393702       0       0   17721       0   21435 1338590       0       0   51156   64818  310184  588549  310321  826714   36580 1455148  154529  887551       0       0   44233 66135703 
      0       7  103664   73592      68   13026   44220      21   42073      47   40205  183470     156   24478       0   58731       0  432690   10369       0       0  146599       0     124       0       0       0      19       0       0       0       0       0       0       0       0       0       0       0       0 1326651 
  58443  130762 11442221 6778328   17741 8328943 2894719   48240 8067841       0  128521 7574308   20258 6707829   42921    9715    8940  361461 1584050   17721  146599       0       0       0       0      67       0   78085  138261       0  349326  702403  142296  525194  550495       0   10513       0   56298       0 8938191 
      0       0 3476387 3337199       0 2444779  284456   11866   26369       0       0  136589       0 2107103  661631    9240       0   23768    8176       0       0       0       0       0       0       0       0       0   18259       0       0 1005891       0       0       0       0  112630       0       0       0 6251977 
      0       6 1551427  112386       0 1368308  401089   58475  233797       0  927940  725285       0 27810481       0   13357       0       0  304680   21435     124       0       0       0      23       0       0       5       0       0       0   65395   68480       0   10739       0       0   24919       0       0 22787173 
1171189      83 6357654  949376   19916 1630753     134       0 2788861       5       0   15358       6  301507       0  274673   60188       0       0 1338590       0       0       0      23       0       0       0   26396   85526       0   96890  119056   45110   19115  318696   30777       0       0       0       0 1278244 
   1183      31     511     113       0      34    1320     264     459       0     928     221     130     135       0       5     231       0     397       0       0      67       0       0       0       0       0       0       0       0       0       0       0       0       0       0       0       0       0       0       0 
   8185   23625 3999444  768123       0 5977636   74072       0 5404845       0    8175       0    8889  807212       0       0       6   26560   31073       0       0       0       0       0       0       0       0   11586  142290       0   19886       0  128113   16887       0   48006       0       0       0   41970 3139715 
  27305       0  605485  237983  128936  612099   45287   93871    8837       0  910907   41526      89  108272    9502   46752   12980  233087   73697   51156      19   78085       0       5   26396       0   11586       0       0       0   22666       0       0   16887       0       0       0       0       0       0  284115 
1591975  313417  294888 33400955    8742       0 5159334  151678  984657       0 5773256  595127       0       0       0   17355  139146  447981   28215   64818       0  138261   18259       0   85526       0  142290       0       0 17691419       0       0       0       0       0       0       0       0       0       0  311453 
      0       0 1396794 1976904       0 18873217 3539817       0 3527643       0       0  784017       0 1695970       0  135904       0       0       0  310184       0       0       0       0       0       0       0       0 17691419       0       0       0   14853       0       0 3747986   41254       0       0       0  106756 
2986435   13989       0    9022  154754   53293  126384 1515019  487838       0 1646465 2181434       0  206818 1403087 1418678  440848 3921380  935039  588549       0  349326       0       0   96890       0   19886   22666       0       0       0       0       0       0       0       0       0       0       0       0 13703160 
2560798  764791       0   30058  417697       0 1398385  440142  485619       0 1265588 6163520       0  175797  344481  467766 1045853  602557 1287055  310321       0  702403 1005891   65395  119056       0       0       0       0       0       0       0       0       0       0       0       0       0       0       0 5604927 
2282016   17340  151551  460588  949658 1280029 2135577 1276426       0       0 2482848 1490496       0  711707  116425 2196431 1732665  875251 2266963  826714       0  142296       0   68480   45110       0  128113       0       0   14853       0       0       0       0       0       0       0       0       0       0  553503 
 911630       0   12514       0   32435   15539 3976801  583926  808713       0 1036830 1243858       0  548274   28132  393838  247673  790529  299920   36580       0  525194       0       0   19115       0   16887   16887       0       0       0       0       0       0       0       0       0       0       0       0  560415 
1390048   10151   92273       0  109209       0  386085  417041   97120       0 1828074 2558632       0       0   68932  378218   85761  202645  639831 1455148       0  550495       0   10739  318696       0       0       0       0       0       0       0       0       0       0       0       0       0       0       0 1014808 
 186150  414324 5302708       0       0       0       0       0  210665       0  436230   65642       0       0       0       0       0    8399       0  154529       0       0       0       0   30777       0   48006       0       0 3747986       0       0       0       0       0       0       0       0       0       0       0 
 100140       0  167162       0       0  654957 1436528 1011992       0       0  384085  109461       0       0  875811  177055  107834 1122068  547208  887551       0   10513  112630       0       0       0       0       0       0   41254       0       0       0       0       0       0       0       0       0       0  750305 
      0       0       0       0       0       0       0       0       0       0  870662       0       0       0       0       0       0       0       0       0       0       0       0   24919       0       0       0       0       0       0       0       0       0       0       0       0       0       0       0       0 6813857 
 435617       0       0       0   46627       0 1067834   31051   85979       0       0  211400       0       0       0  653190   28331  842349  100694       0       0   56298       0       0       0       0       0       0       0       0       0       0       0       0       0       0       0       0       0       0  117148 
 136189   23985       0   14415       0   23985  951819   37164       0       0   12792  122076       0       0       0       0   24880  598204  103062   44233       0       0       0       0       0       0   41970       0       0       0       0       0       0       0       0       0       0       0       0       0   92156 
29198417 8083657 208586068 208057590 24935198 212400145 37961520 115156632 22717438 2105808 158311498 50747561 1709876 24765634 10468997 52296859 12483843 75088796 29093839 66135703 1326651 8938191 6251977 22787173 1278244       0 3139715  284115  311453  106756 13703160 5604927  553503  560415 1014808       0  750305 6813857  117148   92156       0 

