n = 26
        0     39527     71801    928247    812112    153530    872107    532030    487378    582309    207023    263068    206257    283377    177545    102061    123058     62358     15505     50380     40352     34753     64690      5545      1515       953 
    39527         0     62803    615967    844588    370591    692311    551322    479936    450836    483620    156613    283154    428728    136598     60759     92168    103432     14585     66709     61194     34682     18346      3842       751        90 
    71801     62803         0    659879    562766    204857    576563    418691    332754    330052    473942     90024    275295    203811     96157    132738     73230     75900      1230     70241      8579     33360     12984      4193      1994       706 
   928247    615967    659879         0     39905    415265      5755     89841    272291     19854     46899    129720     52737      6306       933      5542      1270     10059      9278      2107        81         0         0       608      2761       377 
   812112    844588    562766     39905         0    350647     44385     39612    275101     57476     74421    105878    216910      5319     25544     22014     75675     69291      7252       656         0      1365       153         0      1505      1808 
   153530    370591    204857    415265    350647         0    341874    346877    338274    198797    425562     69251     58747    237856    183976    122444     81997     47100      3021     17785     55322       263     28330      4469        90       372 
   872107    692311    576563      5755     44385    341874         0    171114       429      5409      3942     92229       713      8392       970       522       475      1409       584        88         0       118         0        83      1208         0  
   532030    551322    418691     89841     39612    346877    171114         0    427285       158    151437    118920       294       327     19430     22162     28678       410      4009     47450       740      2842         0       146       474       395
   487378    479936    332754    272291    275101    338274       429    427285         0      1476     19094    157349      3321     40128      1289      1318       580      4790         0     34758        81         0     11702      1748      1625         0 
   582309    450836    330052     19854     57476    198797      5409       158      1476         0      1907    209091     84316     16099         0       625      3613     35128         0       241       265       237         0         0       192      4326 
   207023    483620    473942     46899     74421    425562      3942    151437     19094      1907         0     84336      4388     26759       259      1001        97       786       131     22989         0        92      2738         0       300       553 
   263068    156613     90024    129720    105878     69251     92229    118920    157349    209091     84336         0     53698    120128      5991     21818     67115     34248    278073      7478      8071     22182      3014         0         0       243
   206257    283154    275295     52737    216910     58747       713       294      3321     84316      4388     53698         0     33875       113       779       177       516       214      1246         0         0     13373         0       405         0
   283377    428728    203811      6306      5319    237856      8392       327     40128     16099     26759    120128     33875         0     17455      9689     15822     22114      3046     54671       310        81         0       124      1385        92
   177545    136598     96157       933     25544    183976       970     19430      1289         0       259      5991       113     17455         0        99        89       200         0         0         0         0       601         0         0         0 
   102061     60759    132738      5542     22014    122444       522     22162      1318       625      1001     21818       779      9689        99         0       177       155         0      1096         0         0       198         0         0         0 
   123058     92168     73230      1270     75675     81997       475     28678       580      3613        97     67115       177     15822        89       177         0       429         0      1213         0         0         0         0       200      1465
    62358    103432     75900     10059     69291     47100      1409       410      4790     35128       786     34248       516     22114       200       155       429         0         0         0         0      6611         0         0      1821         0
    15505     14585      1230      9278      7252      3021       584      4009         0         0       131    278073       214      3046         0         0         0         0         0         0         0         0         0         0         0         0
    50380     66709     70241      2107       656     17785        88     47450     34758       241     22989      7478      1246     54671         0      1096      1213         0         0         0       236         0         0      1627       396         0
    40352     61194      8579        81         0     55322         0       740        81       265         0      8071         0       310         0         0         0         0         0       236         0         0         0         0        88         0
    34753     34682     33360         0      1365       263       118      2842         0       237        92     22182         0        81         0         0         0      6611         0         0         0         0         0         0         0         0
    64690     18346     12984         0       153     28330         0         0     11702         0      2738      3014     13373         0       601       198         0         0         0         0         0         0         0         0         0         0
     5545      3842      4193       608         0      4469        83       146      1748         0         0         0         0       124         0         0         0         0         0      1627         0         0         0         0       239         0
     1515       751      1994      2761      1505        90      1208       474      1625       192       300         0       405      1385         0         0       200      1821         0       396        88         0         0       239         0         0
      953        90       706       377      1808       372         0       395         0      4326       553       243         0        92         0         0      1465         0         0         0         0         0         0         0         0         0
