n = 32
     0  84817      0   3837  14901  40913  34581   1043    932      8      0   8611     79      0      0  25780      0      5      3     54      0      0     12      0      9      0     10  83555  83555  83555   83555  83555
 84817      0    806  71513  92053   3337   4303  52992 128954   1753  17043  89151  37230  46298  25011  31791   5902  12541   8644  15723   2570   2651   8489   2155     14   1471     13 324517 324517 324517 324517 324517
     0    806      0  70515    495    242   2938    459    174      0      0   1805      0      0      0    336      0      0      0      0      0     62      0      0      0      4      0  63172  63172  63172   63172  63172
  3837  71513  70515      0  43650   1341   6423   4631  19168   4351  11788   4650   9056  12822  15128  16505   1181   6354  10757   2349   4958    332   2273     64      0     46      0  47758  47758  47758   47758  47758
 14901  92053    495  43650      0  78571  51943    130   3820     15      0    817    386  25285   7476  17866      5      0   5916   1056    864    506     78      0     10      0      0 133479 133479 133479 133479 133479
 40913   3337    242   1341  78571      0     62  44927  72991  14214  27456  57217  40571  44687  33925   7479  10615   5798  10307   6183   1977   2292   5945   3403    277    176     53 192523 192523 192523 192523 192523
 34581   4303   2938   6423  51943     62      0  71644  56769  10760  21175  76170  33606  37751  29664  19478  27059  24438   9762  11466   2124   4019   7346   3226     31    495     13 229525 229525 229525 229525 229525
  1043  52992    459   4631    130  44927  71644      0    286     20   2140   1991   1112   1852   1641   8608      0   4177   5511   2170    218    108      0      0      5      0      0 116417 116417 116417 116417 116417
   932 128954    174  19168   3820  72991  56769    286      0     12   4573   3053    843  46301   3193  34531    108    136    113      4    164      0      0      0      0      0      0 195879 195879 195879 195879 195879
     8   1753      0   4351     15  14214  10760     20     12      0      0      0      6      3      0      0      0      0      6      0      0      0      0      0      0      0     15  64121  64121   64121   64121  64121
     0  17043      0  11788      0  27456  21175   2140   4573      0      0   8499   5432    346     79   5120      0      0      0      0      6      0      0      0      0    360      5  65168  65168  65168   65168  65168
  8611  89151   1805   4650    817  57217  76170   1991   3053      0   8499      0   4121  21711   5931  22648      8   6019   5291    465    957    236     65      0      0      0      0  53550  53550  53550   53550  53550
    79  37230      0   9056    386  40571  33606   1112    843      6   5432   4121      0     28     15  23153      5   4035     10      0      0     41      0      0     36      0      0  50243  50243  50243   50243  50243
     0  46298      0  12822  25285  44687  37751   1852  46301      3    346  21711     28      0   1959  18430      4    152     10     42      5     25      0      0      0    279      5  54327  54327  54327   54327  54327
     0  25011      0  15128   7476  33925  29664   1641   3193      0     79   5931     15   1959      0  22351   7323      0      0      0      0    412      0      0     30    216      0  49048  49048  49048   49048  49048
 25780  31791    336  16505  17866   7479  19478   8608  34531      0   5120  22648  23153  18430  22351      0   4476  10430   5883  10606   3953   2010   3107    840     56    586     14  35250  35250  35250   35250  35250
     0   5902      0   1181      5  10615  27059      0    108      0      0      8      5      4   7323   4476      0      0      0      0      0      0      0      0      0      4      0  35324  35324  35324   35324  35324
     5  12541      0   6354      0   5798  24438   4177    136      0      0   6019   4035    152      0  10430      0      0      4     63      0      0     90      0      0      0      0  12130  12130  12130   12130  12130
     3   8644      0  10757   5916  10307   9762   5511    113      6      0   5291     10     10      0   5883      0      4      0      0     10     15      0      0     13      0      0   6883   6883   6883     6883   6883
    54  15723      0   2349   1056   6183  11466   2170      4      0      0    465      0     42      0  10606      0     63      0      0      0      0      0      0      0      0      0  24089  24089  24089   24089  24089
     0   2570      0   4958    864   1977   2124    218    164      0      6    957      0      5      0   3953      0      0     10      0      0      0      0      0      0      0      0   9080   9080   9080     9080   9080
     0   2651     62    332    506   2292   4019    108      0      0      0    236     41     25    412   2010      0      0     15      0      0      0      0      0      0      0      0   2739   2739   2739     2739   2739
    12   8489      0   2273     78   5945   7346      0      0      0      0     65      0      0      0   3107      0     90      0      0      0      0      0      0      0      0      0   2745   2745   2745     2745   2745
     0   2155      0     64      0   3403   3226      0      0      0      0      0      0      0      0    840      0      0      0      0      0      0      0      0      0      0      0      0      0      0           0      0
     9     14      0      0     10    277     31      5      0      0      0      0     36      0     30     56      0      0     13      0      0      0      0      0      0      0      0    373    373    373       373    373
     0   1471      4     46      0    176    495      0      0      0    360      0      0    279    216    586      4      0      0      0      0      0      0      0      0      0      0     65     65     65         65     65
    10     13      0      0      0     53     13      0      0     15      5      0      0      5      0     14      0      0      0      0      0      0      0      0      0      0      0     40     40     40         40     40
 83555 324517  63172  47758 133479 192523 229525 116417 195879  64121  65168  53550  50243  54327  49048  35250  35324  12130   6883  24089   9080   2739   2745      0    373     65     40      0      0      0           0      0
 83555 324517  63172  47758 133479 192523 229525 116417 195879  64121  65168  53550  50243  54327  49048  35250  35324  12130   6883  24089   9080   2739   2745      0    373     65     40      0      0      0           0      0
 83555 324517  63172  47758 133479 192523 229525 116417 195879  64121  65168  53550  50243  54327  49048  35250  35324  12130   6883  24089   9080   2739   2745      0    373     65     40      0      0      0           0      0
 83555 324517  63172  47758 133479 192523 229525 116417 195879  64121  65168  53550  50243  54327  49048  35250  35324  12130   6883  24089   9080   2739   2745      0    373     65     40      0      0      0           0      0
 83555 324517  63172  47758 133479 192523 229525 116417 195879  64121  65168  53550  50243  54327  49048  35250  35324  12130   6883  24089   9080   2739   2745      0    373     65     40      0      0      0           0      0
