n = 26
      0 3599209 48773885 33323961  134792 48039196 42749442   42980 33878169  177031 27259655 27526992  167577 15752902  479605 1917371  128975  148024 4019002  334086       0   58443       0       0 1171189    8185
3599209       0 5144360 7041242  109736 6706861 4745502    8917 1810180  178122  222919   68346   40700  749954      96 2313911       0   24415 5467333  125722       7  130762       0       6      83   23625
48773885 5144360       0 7182365 10217621 3974478 53256284 87261175 15366103  569521 92874771 81314374  159906 26309972 6254522 20726704 17785262 58262477 28371733 20640471  103664 12316741 3476387 1551427 6473659 4036217
33323961 7041242 7182365       0 13324562 6281733 41922515 57667620 20499750  439918 66006621 56326005  209797 9038523 7597028 47412494 9621819 33029214 20398610 27541962   73592 7328823 3337199  123125 1298849  858099 
 134792  109736 10217621 13324562       0 6083297 2217502   52376 12255638      79  554645 2208976     147 2185047   15540  100139    9969   62653  972973   77941      68   17741       0       0   19916       0 
48039196 6706861 3974478 6281733 6083297       0 55196657 69248989 37074196  403448 61633563 84496210   83759 15666278 10351280 48381449 13669761 45104870 42904621 28326403   13026 9225905 3468929 1458622 1835335 6119926 
42749442 4745502 53256284 41922515 2217502 55196657       0 17157769 34755318   18017 8992793 3965291   50993 11903372   41381 15152221 1943794   16324   34975   29479   44220 2894719  284456  401089     134   74072
  42980    8917 87261175 57667620   52376 69248989 17157769       0 34206049    8669  579014 4447073  122408 9226836  141014  394211   97515  541255  850300   71309      21   48240   11866   58475       0       0 
33878169 1810180 15366103 20499750 12255638 37074196 34755318 34206049       0  461720 41567922 35088548    9996 6927809 4713295 42572786 18407880 19896512 23810922 5878929   42073 8210137   26369  302277 2833971 5532958
 177031  178122  569521  439918      79  403448   18017    8669  461720       0   62929    1416   24112      22       0       0       0       0   13430      94      47       0       0       0       5       0
27259655  222919 92874771 66006621  554645 61633563 8992793  579014 41567922   62929       0 3999955  278981 12990565 1006902 4692559   93305 1989102  634205 5279142   40205  128521       0  927940       0    8175 
27526992   68346 81314374 56326005 2208976 84496210 3965291 4447073 35088548    1416 3999955       0  157455 10604550 6932607 7447010 2555656 5752798  534437 21700077  183470 7574308  136589  725285   15358       0 
 167577   40700  159906  209797     147   83759   50993  122408    9996   24112  278981  157455       0      77  187493   30511     163   23671  149976   41348     156   20258       0       0       6    8889 
15752902  749954 26309972 9038523 2185047 15666278 11903372 9226836 6927809      22 12990565 10604550      77       0 3432076 8440241  599155 20914263 12024878 5376809   24478 6718342 2219733 27810481  301507  807212
 479605      96 6254522 7597028   15540 10351280   41381  141014 4713295       0 1006902 6932607  187493 3432076       0   78642   20130 3514569 2216889   51668       0   42921  661631       0       0       0
1917371 2313911 20726704 47412494  100139 48381449 15152221  394211 42572786       0 4692559 7447010   30511 8440241   78642       0   25939  190705 2679039  438930   58731    9715    9240   13357  274673       0
 128975       0 17785262 9621819    9969 13669761 1943794   97515 18407880       0   93305 2555656     163  599155   20130   25939       0       0 1746356   11355       0    8940       0       0   60188       6 
 148024   24415 58262477 33029214   62653 45104870   16324  541255 19896512       0 1989102 5752798   23671 20914263 3514569  190705       0       0 1610672 8435626  432690  361461   23768       0       0   26560
4019002 5467333 28371733 20398610  972973 42904621   34975  850300 23810922   13430  634205  534437  149976 12024878 2216889 2679039 1746356 1610672       0 3393702   10369 1584050    8176  304680       0   31073
 334086  125722 20640471 27541962   77941 28326403   29479   71309 5878929      94 5279142 21700077   41348 5376809   51668  438930   11355 8435626 3393702       0       0   17721       0   21435 1338590       0 
      0       7  103664   73592      68   13026   44220      21   42073      47   40205  183470     156   24478       0   58731       0  432690   10369       0       0  146599       0     124       0       0 
  58443  130762 12316741 7328823   17741 9225905 2894719   48240 8210137       0  128521 7574308   20258 6718342   42921    9715    8940  361461 1584050   17721  146599       0       0       0       0       0
      0       0 3476387 3337199       0 3468929  284456   11866   26369       0       0  136589       0 2219733  661631    9240       0   23768    8176       0       0       0       0       0       0       0 
      0       6 1551427  123125       0 1458622  401089   58475  302277       0  927940  725285       0 27810481       0   13357       0       0  304680   21435     124       0       0       0      23       0 
1171189      83 6473659 1298849   19916 1835335     134       0 2833971       5       0   15358       6  301507       0  274673   60188       0       0 1338590       0       0       0      23       0       0
   8185   23625 4036217  858099       0 6119926   74072       0 5532958       0    8175       0    8889  807212       0       0       6   26560   31073       0       0       0       0       0       0       0

