n = 35
      0  124051  194382  241693    3007  281416  144182      31  223447    2228  140193  129873    5217   88909     598    8011     532     836   43740    1947      34     604      31       0    1095    2735      57      17      84     153      72     116     398   17321  298000 
 124051       0  192464   22532      96   63625     770     233   57501   15406   12835    2840    1051    2377      96  132071       0     234     256    1191       7   11802       0       6      83     435       0       0       0       0    7187       0       0       0  114381 
 194382  192464       0    5755   31498   34756  285700  215585   80157   15596  235982  473296    8445   49638   47032   96928  114784  140080  284428  109691    8757   58226    1473    1739    6133    5131   13209      42       0       0      59       0       0       0  923316 
 241693   22532    5755       0   72265    2825  397788   72019  135975   20902  153663  245211   10733   64231   18435  199925   63994  120036  141653  107385    3242   37581    1726     210     280    1785    8455      27     860       0       0       0       0       0  641020 
   3007      96   31498   72265       0   42507    8092     134   50179      79    2969   19232     147   12301       0       0       0     171    5568       5      68       0       0       0      29       0       0      75     164       0       0       0       0       0  150074 
 281416   63625   34756    2825   42507       0  291690  105414  119712   19709  124856  275340    8851   51756   33360  109430   88078  145475  328425   78783    4142   52554    1077      67    1204      34   48842      12       0       0       0       0       0       0  899402 
 144182     770  285700  397788    8092  291690       0   95683  279365    3415   25065   20067    3692  139418     363   45636    7128     476    2286      66    4753   54394     256    5274     134    6857   25425      31       0      49    1173      59     144       0  352075 
     31     233  215585   72019     134  105414   95683       0  118469     374    4256   28513    1798   25096      22     622     478     337   12711     564      21     760      30      12       0    7251       0      20       0       0       0    1206     433     400  377230 
 223447   57501   80157  135975   50179  119712  279365  118469       0   14993  193974  167576     952   35926   37709  144595   74457  107678  221903   54815    5201   77441     121     279    1406     459   59456      24       0   16039       0       0    1801    3523  650227 
   2228   15406   15596   20902      79   19709    3415     374   14993       0    2043    1416     321      61       0       0       0       0     972      94      47      30       0       0       5       0       0       0       0       0       0       0       0       0   69139 
 140193   12835  235982  153663    2969  124856   25065    4256  193974    2043       0   30056    2802   79582    1371   38527    1447    5918    5064   30364    2705    1995       0    1239       0    1962       0      16      29     205     672    5963     181     289  396343 
 129873    2840  473296  245211   19232  275340   20067   28513  167576    1416   30056       0    7220   48622   15434   32032   10619   18913    9521   79899    3126   27846       9      49       0     221    3245      17       0       0      28     176    2837    5766  181550 
   5217    1051    8445   10733     147    8851    3692    1798     952     321    2802    7220       0      77    5437     610     163    4388   11747     756     253     206       0       0      55     130      47      89       0       0       0       0       0       0   60747 
  88909    2377   49638   64231   12301   51756  139418   25096   35926      61   79582   48622      77       0   17707   32989    4705   17895   46950   27684     206   20104    1763   68193     181     196    3762      13       0       0       0      44    3467       0  126277 
    598      96   47032   18435       0   33360     363      22   37709       0    1371   15434    5437   17707       0      16      46   12667   13005       6       0       0     504       0       0       0       0       5       0      64       0       0       0       0   68495 
   8011  132071   96928  199925       0  109430   45636     622  144595       0   38527   32032     610   32989      16       0       0     126   16181      47    3921     101       0    1930     787    4788       0      20       0       0       0     162     102       0  292611 
    532       0  114784   63994       0   88078    7128     478   74457       0    1447   10619     163    4705      46       0       0       0    2429       0       0       0       0       0       0     385       6       0       0      72       0       0     268       0   66229 
    836     234  140080  120036     171  145475     476     337  107678       0    5918   18913    4388   17895   12667     126       0       0    6603   32626     135     101       0       0       0     383       0       7       0       0       0       0     185       0  173594 
  43740     256  284428  141653    5568  328425    2286   12711  221903     972    5064    9521   11747   46950   13005   16181    2429    6603       0   12288    1086   40619       0      40       0   58314     373      54       0       0       0     726      60     504  359484 
   1947    1191  109691  107385       5   78783      66     564   54815      94   30364   79899     756   27684       6      47       0   32626   12288       0       0      11       0       0    1206       0       0       0       0       0       0      30      68     287  251533 
     34       7    8757    3242      68    4142    4753      21    5201      47    2705    3126     253     206       0    3921       0     135    1086       0       0      73       0     124       0       0       0      19       0       0       0       0       0       0   14380 
    604   11802   58226   37581       0   52554   54394     760   77441      30    1995   27846     206   20104       0     101       0     101   40619      11      73       0       0       0       0      67       0       0       0       0       0       0      56       0   99919 
     31       0    1473    1726       0    1077     256      30     121       0       0       9       0    1763     504       0       0       0       0       0       0       0       0       0       0       0       0       0       0       0       0       0       0       0    4552 
      0       6    1739     210       0      67    5274      12     279       0    1239      49       0   68193       0    1930       0       0      40       0     124       0       0       0      23       0       0       5       0       0      34       0       0       0   57450 
   1095      83    6133     280      29    1204     134       0    1406       5       0       0      55     181       0     787       0       0       0    1206       0       0       0      23       0       0       0       0       0       0       0       0       0       0    2245 
   2735     435    5131    1785       0      34    6857    7251     459       0    1962     221     130     196       0    4788     385     383   58314       0       0      67       0       0       0       0     205       0       0       0       0       0       0       0   85702 
     57       0   13209    8455       0   48842   25425       0   59456       0       0    3245      47    3762       0       0       6       0     373       0       0       0       0       0       0     205       0       0       0       0       0       0      94       0    1684 
     17       0      42      27      75      12      31      20      24       0      16      17      89      13       5      20       0       7      54       0      19       0       0       5       0       0       0       0       0       0       0       0       0       0       0 
     84       0       0     860     164       0       0       0       0       0      29       0       0       0       0       0       0       0       0       0       0       0       0       0       0       0       0       0       0       0       0       0       0       0   81555 
    153       0       0       0       0       0      49       0   16039       0     205       0       0       0      64       0      72       0       0       0       0       0       0       0       0       0       0       0       0       0       0       0       0       0   16582 
     72    7187      59       0       0       0    1173       0       0       0     672      28       0       0       0       0       0       0       0       0       0       0       0      34       0       0       0       0       0       0       0       0       0       0    9107 
    116       0       0       0       0       0      59    1206       0       0    5963     176       0      44       0     162       0       0     726      30       0       0       0       0       0       0       0       0       0       0       0       0       0       0    8482 
    398       0       0       0       0       0     144     433    1801       0     181    2837       0    3467       0     102     268     185      60      68       0      56       0       0       0       0      94       0       0       0       0       0       0       0   10094 
  17321       0       0       0       0       0       0     400    3523       0     289    5766       0       0       0       0       0       0     504     287       0       0       0       0       0       0       0       0       0       0       0       0       0       0   28150 
 298000  114381  923316  641020  150074  899402  352075  377230  650227   69139  396343  181550   60747  126277   68495  292611   66229  173594  359484  251533   14380   99919    4552   57450    2245   85702    1684       0   81555   16582    9107    8482   10094   28150       0 

