n = 31
      0  124051  194538  242091    3007  298737  144182      31  223563    2228  140193  129873    5217   89062     598    8011     532     836   43740    1947      34     604      31       0    1095      57  298000  298000  298000  298000  298000 
 124051       0  199651   22532      96   63625     770     233   57501   15406   12835    2840    1051    2377      96  132071       0     234     256    1191       7   11802       0       6      83       0  114381  114381  114381  114381  114381 
 194538  199651       0    5755   31662   34756  286873  215585   80157   15596  236683  473324    8445   49638   47032   96928  114784  140080  284428  109691    8757   58226    1473    1773    6133   13209 1013978 1013978 1013978 1013978 1013978 
 242091   22532    5755       0   72265    2825  397932   72452  137776   20902  153844  248048   10733   67698   18435  200027   64262  120221  141713  107453    3242   37637    1726     210     280    8549  651114  651114  651114  651114  651114 
   3007      96   31662   72265       0   42507    8092     134   50179      79    2969   19232     147   12301       0       0       0     171    5568       5      68       0       0       0      29       0  150074  150074  150074  150074  150074 
 298737   63625   34756    2825   42507       0  291690  105814  123235   19709  125145  281106    8851   51756   33360  109430   88078  145475  328929   79070    4142   52554    1077      67    1204   48842  927552  927552  927552  927552  927552 
 144182     770  286873  397932    8092  291690       0   95683  279424    3415   25065   20067    3692  139467     363   45636    7128     476    2286      66    4753   54394     256    5274     134   25425  352075  352075  352075  352075  352075 
     31     233  215585   72452     134  105814   95683       0  119675     374    4256   28513    1798   25096      22     622     478     337   12711     564      21     760      30      12       0       0  377230  377230  377230  377230 2699925 
 223563   57501   80157  137776   50179  123235  279424  119675       0   14993  199937  167752     952   51965   37709  144757   74457  107678  222629   54845    5201   77441     121     279    1406   59456  658709  658709  658709  658709  658709 
   2228   15406   15596   20902      79   19709    3415     374   14993       0    2043    1416     321      61       0       0       0       0     972      94      47      30       0       0       5       0   69139   69139   69139   69139   69139 
 140193   12835  236683  153844    2969  125145   25065    4256  199937    2043       0   30056    2802   79787    1371   38527    1447    5918    5064   30364    2705    1995       0    1239       0       0  396343  396343  396343  396343  396343 
 129873    2840  473324  248048   19232  281106   20067   28513  167752    1416   30056       0    7220   48622   15434   32032   10619   18913    9521   79899    3126   27846       9      49       0    3245  181550  181550  181550  181550  181550 
   5217    1051    8445   10733     147    8851    3692    1798     952     321    2802    7220       0      77    5437     610     163    4388   11747     756     253     206       0       0      55      47   60747   60747   60747   60747   60747 
  89062    2377   49638   67698   12301   51756  139467   25096   51965      61   79787   48622      77       0   17771   32989    4777   17895   46950   27684     206   20104    1763   68193     181    3762  142859  142859  142859  142859  142859 
    598      96   47032   18435       0   33360     363      22   37709       0    1371   15434    5437   17771       0      16      46   12667   13005       6       0       0     504       0       0       0   68495   68495   68495   68495   68495 
   8011  132071   96928  200027       0  109430   45636     622  144757       0   38527   32032     610   32989      16       0       0     126   16181      47    3921     101       0    1930     787       0  292611  292611  292611  292611  292611 
    532       0  114784   64262       0   88078    7128     478   74457       0    1447   10619     163    4777      46       0       0       0    2429       0       0       0       0       0       0       6   66229   66229   66229   66229   66229 
    836     234  140080  120221     171  145475     476     337  107678       0    5918   18913    4388   17895   12667     126       0       0    6603   32626     135     101       0       0       0       0  173594  173594  173594  173594  173594 
  43740     256  284428  141713    5568  328929    2286   12711  222629     972    5064    9521   11747   46950   13005   16181    2429    6603       0   12288    1086   40619       0      40       0     373  359484  359484  359484  359484  359484 
   1947    1191  109691  107453       5   79070      66     564   54845      94   30364   79899     756   27684       6      47       0   32626   12288       0       0      11       0       0    1206       0  251533  251533  251533  251533  251533 
     34       7    8757    3242      68    4142    4753      21    5201      47    2705    3126     253     206       0    3921       0     135    1086       0       0      73       0     124       0       0   14380   14380   14380   14380   14380 
    604   11802   58226   37637       0   52554   54394     760   77441      30    1995   27846     206   20104       0     101       0     101   40619      11      73       0       0       0       0       0   99919   99919   99919   99919   99919 
     31       0    1473    1726       0    1077     256      30     121       0       0       9       0    1763     504       0       0       0       0       0       0       0       0       0       0       0    4552    4552    4552    4552    4552 
      0       6    1773     210       0      67    5274      12     279       0    1239      49       0   68193       0    1930       0       0      40       0     124       0       0       0      23       0   57450   57450   57450   57450   57450 
   1095      83    6133     280      29    1204     134       0    1406       5       0       0      55     181       0     787       0       0       0    1206       0       0       0      23       0       0    2245    2245    2245    2245    2245 
     57       0   13209    8549       0   48842   25425       0   59456       0       0    3245      47    3762       0       0       6       0     373       0       0       0       0       0       0       0    1684    1684    1684    1684    1684 
 298000  114381 1013978  651114  150074  927552  352075  377230  658709   69139  396343  181550   60747  142859   68495  292611   66229  173594  359484  251533   14380   99919    4552   57450    2245    1684       0       0       0       0       0 
 298000  114381 1013978  651114  150074  927552  352075  377230  658709   69139  396343  181550   60747  142859   68495  292611   66229  173594  359484  251533   14380   99919    4552   57450    2245    1684       0       0       0       0       0 
 298000  114381 1013978  651114  150074  927552  352075  377230  658709   69139  396343  181550   60747  142859   68495  292611   66229  173594  359484  251533   14380   99919    4552   57450    2245    1684       0       0       0       0       0 
 298000  114381 1013978  651114  150074  927552  352075  377230  658709   69139  396343  181550   60747  142859   68495  292611   66229  173594  359484  251533   14380   99919    4552   57450    2245    1684       0       0       0       0       0 
 298000  114381 1013978  651114  150074  927552  352075  377230  658709   69139  396343  181550   60747  142859   68495  292611   66229  173594  359484  251533   14380   99919    4552   57450    2245    1684       0       0       0       0       0 

