n = 27
      0  158155  523337  381103    4277  525270  448211     460  388953    3900  302828  291943    6681  175233    5358   26999    1289    1803   46246    5268       0     938       0       0   12663      91  510535 
 158155       0  156624   87153    1192  102470   47930     184   49402   17033   14244    3397    1447    9613      96   37914       0     475   54869    2290       7   10633       0       6      83     236  161383 
 523337  156624       0   73950  113454   61179  585179  922494  166550   20522  978222  915169    9907  266137   80947  231278  208156  613722  317280  220805    9284  133790   35832   16360   69146   41108 2412293 
 381103   87153   73950       0  183418   64140  471985  587752  218805   24723  678341  611955   12293  126074   82820  492161  102121  353918  221165  287558    3676   78922   34470    1262   13177    8680 2194416 
   4277    1192  113454  183418       0   67950   23415     656  133596      79    5921   29497     147   25064     155    1001      99     768   13744     784      68     177       0       0     227       0  321050 
 525270  102470   61179   64140   67950       0  615571  709960  385652   23057  652546  881934    9343  161522  111337  502990  146355  471863  460311  294066    4105  101107   35209   14585   18976   61580 2335304 
 448211   47930  585179  471985   23415  615571       0  217389  414414    3561   98498   43623    4012  130194     773  159857   20204     634    2552     329    5021   55498    3098    4190     134     769  464246 
    460     184  922494  587752     656  709960  217389       0  360471     390    9243   52913    2773   96022    1431    3948    1448    5746   19458     722      21    1194     148     596       0       0 1269527 
 388953   49402  166550  218805  133596  385652  414414  360471       0   19206  456617  374337    1042   71879   50361  442023  194151  215547  263056   62865    5182   92283     309    3097   29238   55980  302840 
   3900   17033   20522   24723      79   23057    3561     390   19206       0    2651    1416     413      22       0       0       0       0    1058      94      47       0       0       0       5       0   88284 
 302828   14244  978222  678341    5921  652546   98498    9243  456617    2651       0   49349    5563  148104   11025   49521     933   23513    9855   58133    2851    2778       0    9401       0      81 1719200 
 291943    3397  915169  611955   29497  881934   43623   52913  374337    1416   49349       0    8415  122518   72769   79272   26764   62582    7831  225932    4439   82406    1374    7270     153       0  575636 
   6681    1447    9907   12293     147    9343    4012    2773    1042     413    5563    8415       0      77    7138     782     163    4580   12762    1161     156     406       0       0       6     135   75532 
 175233    9613  266137  126074   25064  161522  130194   96022   71879      22  148104  122518      77       0   41488   90853    6012  214164  132125   60587     372   73929   23629  281202    3103    8108  270542 
   5358      96   80947   82820     155  111337     773    1431   50361       0   11025   72769    7138   41488       0     802     246   36860   27504     522       0     429    7115       0       0       0  140597 
  26999   37914  231278  492161    1001  502990  159857    3948  442023       0   49521   79272     782   90853     802       0     259    1911   29854    4388    3931      97      92     303    3525       0  554699 
   1289       0  208156  102121      99  146355   20204    1448  194151       0     933   26764     163    6012     246     259       0       0   18261     113       0      89       0       0     601       6  129960 
   1803     475  613722  353918     768  471863     634    5746  215547       0   23513   62582    4580  214164   36860    1911       0       0   16780   88277    4365    3714     237       0       0     265  800326 
  46246   54869  317280  221165   13744  460311    2552   19458  263056    1058    9855    7831   12762  132125   27504   29854   18261   16780       0   40037    1178   17613      81    3046       0     351  332655 
   5268    2290  220805  287558     784  294066     329     722   62865      94   58133  225932    1161   60587     522    4388     113   88277   40037       0       0     188       0     214   14579       0  689908 
      0       7    9284    3676      68    4105    5021      21    5182      47    2851    4439     156     372       0    3931       0    4365    1178       0       0    1480       0     124       0       0   25851 
    938   10633  133790   78922     177  101107   55498    1194   92283       0    2778   82406     406   73929     429      97      89    3714   17613     188    1480       0       0       0       0       0  125097 
      0       0   35832   34470       0   35209    3098     148     309       0       0    1374       0   23629    7115      92       0     237      81       0       0       0       0       0       0       0   65420 
      0       6   16360    1262       0   14585    4190     596    3097       0    9401    7270       0  281202       0     303       0       0    3046     214     124       0       0       0      23       0  229511 
  12663      83   69146   13177     227   18976     134       0   29238       5       0     153       6    3103       0    3525     601       0       0   14579       0       0       0      23       0       0   13348 
     91     236   41108    8680       0   61580     769       0   55980       0      81       0     135    8108       0       0       6     265     351       0       0       0       0       0       0       0   31455 
 510535  161383 2412293 2194416  321050 2335304  464246 1269527  302840   88284 1719200  575636   75532  270542  140597  554699  129960  800326  332655  689908   25851  125097   65420  229511   13348   31455       0 

