n = 33
      0  103261   32179   70049    1446   42546   17916       0   35263   54938   45252   11359     842   15401     103     994       0       0    1999     188       0     103       0       0     239     195  189247     169    9703     110      42    2049       0 
 103261       0   99726   16961       0   49809     145       0   35650   35752    5451    1199     330     833       0   10820       0       0       0       0       0    4509       0       0       0       0   63352       0       0     640       0       0       0 
  32179   99726       0    2905    4842    8520   76899   85672   23628  272118  128121   85262    6245   65110   18777   21393   26726   44765   48138   10409    3823    4496    3260     321     515       0  137035       0       0      96       0       0     967 
  70049   16961    2905       0   50639      98   99007   32204    2929  140377   53194   59994   19419   22055    4229   26062    4912   33283   41024   21692    1570   19263    3484       0       9       1   96189       0       0     345       0       0    1747 
   1446       0    4842   50639       0    3291     141       0    5349    4491       0    4544       0    3397       0       0       0       0    1563       0       0       0       0       0       0       0   61617      32      53      96       0       0       0 
  42546   49809    8520      98    3291       0   78857   26450    6620  192395   55721   49123   12274    4496   12865   16623   11096   25740   62378   12694    1758    4758    2075    2138      51       0   59952       0       0    5364       0     418    1287 
  17916     145   76899   99007     141   78857       0   38872   33817  119855    2071    1009    7242   37085     214    4059      32     152    1203       0    2097   11084       0     222       0     238   58411    1997    1752     626    1802    1539       0 
      0       0   85672   32204       0   26450   38872       0   18982   75067    1534    5673     514    1371       0       0       0       0    7086       0       0      63       0       0       0       6   67485     313       0    1057    6522       0       0 
  35263   35650   23628    2929    5349    6620   33817   18982       0   27765   45869   10701      91    9589    4249   11444    4307   19580   10138    1551    2040    4742    2103     185     131     163   62134    2001       0       0     256       0     363 
  54938   35752  272118  140377    4491  192395  119855   75067   27765       0  147263   29803   61386   48080    6568   26582   23620   34397  110459   45729     161    3380     748   54057       0       0   50006   14035    8258    8239     472    2573       0 
  45252    5451  128121   53194       0   55721    2071    1534   45869  147263       0    4610    1226   17852      89     540       0    2080     659    2199     671     450       0       0       0      42   76358    2800    5744    5045    2372       8       0 
  11359    1199   85262   59994    4544   49123    1009    5673   10701   29803    4610       0    2760    6201    3443    3235      94    2388    1138    2935    1076    3682       0    1388       0       0   36051     692    1269    2412      47       0       0 
    842     330    6245   19419       0   12274    7242     514      91   61386    1226    2760       0    3187    4543       0      38    3149    1974     184       3       0       0       0       0       0   31694       0       0       0       0       0       0 
  15401     833   65110   22055    3397    4496   37085    1371    9589   48080   17852    6201    3187       0    7591   13578     662    7527   11218   10546      20    6974    1243   58781       0       0   11005   15594     727    1974       0       0       0 
    103       0   18777    4229       0   12865     214       0    4249    6568      89    3443    4543    7591       0       0       0    2470    2271       0       0       0     162       0       0       0   26388      19      32     821      13       0       0 
    994   10820   21393   26062       0   16623    4059       0   11444   26582     540    3235       0   13578       0       0       0       0     882       0     777       0       0       0     125       0    8423       0     121     342    2179       0       0 
      0       0   26726    4912       0   11096      32       0    4307   23620       0      94      38     662       0       0       0       0     547       0       0       0       0       0       0      83    1646      45       1     241       2       0       0 
      0       0   44765   33283       0   25740     152       0   19580   34397    2080    2388    3149    7527    2470       0       0       0     614    2209       0       0       0       0       0       0   31386       0    3545     566    2042     144       0 
   1999       0   48138   41024    1563   62378    1203    7086   10138  110459     659    1138    1974   11218    2271     882     547     614       0    1804     154    9346       0     294       0     126   19405    1274     509     247    2007     292       0 
    188       0   10409   21692       0   12694       0       0    1551   45729    2199    2935     184   10546       0       0       0    2209    1804       0       0       0       0       0      67       0    7435       0     397       0       0       0       0 
      0       0    3823    1570       0    1758    2097       0    2040     161     671    1076       3      20       0     777       0       0     154       0       0       0       0      37       0       0    5696       0       0       0       0       0       0 
    103    4509    4496   19263       0    4758   11084      63    4742    3380     450    3682       0    6974       0       0       0       0    9346       0       0       0       0       0       0       0   12860       0       0       0      73     594       0 
      0       0    3260    3484       0    2075       0       0    2103     748       0       0       0    1243     162       0       0       0       0       0       0       0       0       0       0       0     658     256       0       0      38       0       0 
      0       0     321       0       0    2138     222       0     185   54057       0    1388       0   58781       0       0       0       0     294       0      37       0       0       0       0       0     381       0       0       0       0       0       0 
    239       0     515       9       0      51       0       0     131       0       0       0       0       0       0     125       0       0       0      67       0       0       0       0       0       0      91       0       0       0      52       0       0 
    195       0       0       1       0       0     238       6     163       0      42       0       0       0       0       0      83       0     126       0       0       0       0       0       0       0       0       0       0       0       0       0       0 
 189247   63352  137035   96189   61617   59952   58411   67485   62134   50006   76358   36051   31694   11005   26388    8423    1646   31386   19405    7435    5696   12860     658     381      91      58       0       0     695       0     244       0       0 
    169       0       0       0      32       0    1997     313    2001   14035    2800     692       0   15594      19       0      45       0    1274       0       0       0     256       0       0       0       0       0       0       0       0       0       0 
   9703       0       0       0      53       0    1752       0       0    8258    5744    1269       0     727      32     121       1    3545     509     397       0       0       0       0       0       0     695       0       0       0       0       0       0 
    110     640      96     345      96    5364     626    1057       0    8239    5045    2412       0    1974     821     342     241     566     247       0       0       0       0       0       0       0       0       0       0       0       0       0      14 
     42       0       0       0       0       0    1802    6522     256     472    2372      47       0       0      13    2179       2    2042    2007       0       0      73      38       0      52       0     244       0       0       0       0       0       0 
   2049       0       0       0       0     418    1539       0       0    2573       8       0       0       0       0       0       0     144     292       0       0     594       0       0       0       0       0       0       0       0       0       0       0 
      0       0     967    1747       0    1287       0       0     363       0       0       0       0       0       0       0       0       0       0       0       0       0       0       0       0       0       0       0       0      14       0       0       0 

