n = 33
      0  108241   31952   60016    1503   37642   18004       0   29916   39999   40237   11602     876   15442     116     931       0       0    1975     220       0     114       0       0    5249     197  193721     157    9599     108      47    1997       0 
 108241       0   99708   22191       0   45018     120       0   25960   35656    5482    1228     357     811       0   11000       0       0       0       0       0    4534       0       0       0       0   58454       0       0     708       0       0       0 
  31952   99708       0    2842    4873    8482   86395   76117   28689  286947   98502   95221    6345   70175   18463   16203   31410   45243   43285   10227    3670    4495    3067     347     510       0  126782       0       0      97       0       0    5896 
  60016   22191    2842       0   60386     100  104557   37404    3203  154873   53132   69704   24444   22073    4305   21277    4665   32898   36265   22082    1613    9293    3485       0       8       5   91416       0       0     341       0       0    1850 
   1503       0    4873   60386       0    3426     123       0   10439    4442       0    4550       0    3513       0       0       0       0    1648       0       0       0       0       0       0       0   55925      26      59      85       0       0       0 
  37642   45018    8482     100    3426       0   69137   21633    6678  192227   65107   49267   12270    4271   12980   21576   10990   25830   61812   12457    1833    4862    2079    2091      47       0   69942       0       0    5263       0     414    1229 
  18004     120   86395  104557     123   69137       0   49175   48871  115485    2092     931    2257   46575     228    4070      33     157    1297       0    2110   11148       0     182       0     267   53470    2059    1858     601    1879    1545       0 
      0       0   76117   37404       0   21633   49175       0   14095   59862    1556    5672     578    1306       0       0       0       0    6961       0       0      70       0       0       0       4   67566     318       0    1032    1585       0       0 
  29916   25960   28689    3203   10439    6678   48871   14095       0   27788   35184   10697      88   14356    4226   11404    4403   24852   10268    1526    7042    4630    2067     210     120     183   61738    2015       0       0     264       0     354 
  39999   35656  286947  154873    4442  192227  115485   59862   27788       0  147141   30193   61445   43142    6594   31795   13849   34557  120079   40787     164    3237     732   58410       0       0   60508   14297    8280    8261     454    2570       0 
  40237    5482   98502   53132       0   65107    2092    1556   35184  147141       0    4602    1158   22969      98     502       0    1996     672    2266     660     446       0       0       0      23   71129    2784    5924    4884    2418       5       0 
  11602    1228   95221   69704    4550   49267     931    5672   10697   30193    4602       0    7634    6292    3449    3226      96    2412    1113    3036    1099    3673       0    1447       0       1   36352     722    1241    2413      44       0       0 
    876     357    6345   24444       0   12270    2257     578      88   61445    1158    7634       0    3054    9506       0      41    3273    2020     190       5       0       0       0       0       0   31392       0       0       0       0       0       0 
  15442     811   70175   22073    3513    4271   46575    1306   14356   43142   22969    6292    3054       0    7628    8629     643    7390    6281   15628      14    7091    1251   64039       0       0   11076   10612     672    2004       0       0       0 
    116       0   18463    4305       0   12980     228       0    4226    6594      98    3449    9506    7628       0       0       0    2395    7315       0       0       0     128       0       0       0   21865      30      37     822      13       0       0 
    931   11000   16203   21277       0   21576    4070       0   11404   31795     502    3226       0    8629       0       0       0       0     938       0     814       0       0       0     103       0    8404       0     115     333    2113       0       0 
      0       0   31410    4665       0   10990      33       0    4403   13849       0      96      41     643       0       0       0       0     592       0       0       0       0       0       0      66    1583      27       4     278       3       0       0 
      0       0   45243   32898       0   25830     157       0   24852   34557    1996    2412    3273    7390    2395       0       0       0     651    2202       0       0       0       0       0       0   30947       0    3543     552    2099     139       0 
   1975       0   43285   36265    1648   61812    1297    6961   10268  120079     672    1113    2020    6281    7315     938     592     651       0    1896     203    4292       0     294       0     141   19325    1284     475     248    2085     249       0 
    220       0   10227   22082       0   12457       0       0    1526   40787    2266    3036     190   15628       0       0       0    2202    1896       0       0       0       0       0      51       0    7513       0     360       0       0       0       0 
      0       0    3670    1613       0    1833    2110       0    7042     164     660    1099       5      14       0     814       0       0     203       0       0       0       0      41       0       0    5865       0       0       0       0       0       0 
    114    4534    4495    9293       0    4862   11148      70    4630    3237     446    3673       0    7091       0       0       0       0    4292       0       0       0       0       0       0       0   12734       0       0       0      65     645       0 
      0       0    3067    3485       0    2079       0       0    2067     732       0       0       0    1251     128       0       0       0       0       0       0       0       0       0       0       0     619     256       0       0      39       0       0 
      0       0     347       0       0    2091     182       0     210   58410       0    1447       0   64039       0       0       0       0     294       0      41       0       0       0       0       0     429       0       0       0       0       0       0 
   5249       0     510       8       0      47       0       0     120       0       0       0       0       0       0     103       0       0       0      51       0       0       0       0       0       0      82       0       0       0      50       0       0 
    197       0       0       5       0       0     267       4     183       0      23       1       0       0       0       0      66       0     141       0       0       0       0       0       0       0       0       0       0       0       0       0       0 
 193721   58454  126782   91416   55925   69942   53470   67566   61738   60508   71129   36352   31392   11076   21865    8404    1583   30947   19325    7513    5865   12734     619     429      82      77       0       0     690       0     234       0       0 
    157       0       0       0      26       0    2059     318    2015   14297    2784     722       0   10612      30       0      27       0    1284       0       0       0     256       0       0       0       0       0       0       0       0       0       0 
   9599       0       0       0      59       0    1858       0       0    8280    5924    1241       0     672      37     115       4    3543     475     360       0       0       0       0       0       0     690       0       0       0       0       0       0 
    108     708      97     341      85    5263     601    1032       0    8261    4884    2413       0    2004     822     333     278     552     248       0       0       0       0       0       0       0       0       0       0       0       0       0      16 
     47       0       0       0       0       0    1879    1585     264     454    2418      44       0       0      13    2113       3    2099    2085       0       0      65      39       0      50       0     234       0       0       0       0       0       0 
   1997       0       0       0       0     414    1545       0       0    2570       5       0       0       0       0       0       0     139     249       0       0     645       0       0       0       0       0       0       0       0       0       0       0 
      0       0    5896    1850       0    1229       0       0     354       0       0       0       0       0       0       0       0       0       0       0       0       0       0       0       0       0       0       0       0      16       0       0       0 

