n = 36
      0  123401   81254   81723    2964   82412   46211      31   68218    2157   76838   38553    5059   28230     720    9864      42     355    7970    2293       0     368       0       0    1240    1183      35      17    1003   11313     891     673    2476       0       0  275086 
 123401       0  112012   27460      96   62785     485      96   35188   15406   12245    2749    1051    3311      96   22248       0     239     198    1044       7    9420       0       6      87      31       0       0     134      67     905      35       0       0       5  116685 
  81254  112012       0    5452   13783   25861  142235  133991   44233   14990  174718  188737   10145   74538   30856   48995   46023   68303   84931   31486    8345   19362    8674    1661    5881     511    3407      42      50      34     578      94      27    2118      17  489936 
  81723   27460    5452       0   52448    1399  128464   52041   20345   20583   83309  101317   24465   36178   12470   51396   11945   59714   61083   38945    3247   15846    6987     194     330     113    1488      27       4       0    1082       0       0    3403       0  284768 
   2964      96   13783   52448       0    9296    2117     134   14652      79     543    8440     147    8179       0       0       0     143    4273      11      68      10       0       0      29       0       0      75     180     209     453      19      20       0       5   81503 
  82412   62785   25861    1399    9296       0  110212   49902   23180   19228   90319  112758   19224   11325   32195   46398   21052   51868  100469   31891    4046   18453    7655    2938     904      34    3886      12      47       0   11359       0     615    3177       0  308936 
  46211     485  142235  128464    2117  110212       0   61176   84033    3415   12477    4828    3553   52519     363   15896    1830     862    2355      35    4636   32736     334     676     134    1320     535      31    2967    3401    1370    5980    2405       0       0  218965 
     31      96  133991   52041     134   49902   61176       0   42086     317    4420   17139    1573    7552      27       6     532     416   12109       9      30     722      42      12       0     264       0      20    1213      61    2291    2328      78       0       0  202708 
  68218   35188   44233   20345   14652   23180   84033   42086       0   14751   69867   40587     952   16649   12026   37473   20052   38781   32922    9081    4866   15852    3124     406    1478     459    2650      24    2864      62       0    4489      14     736       0   95352 
   2157   15406   14990   20583      79   19228    3415     317   14751       0    2043    1416     189      22       0       0       0       0     934      99      47       0       0       0       5       0       0       0       0       0       0       0       0       0       0   67945 
  76838   12245  174718   83309     543   90319   12477    4420   69867    2043       0   12497    2814   37230    1102    5815       4    4502    3835    9969    2474    1621       0     297       0     928       0      16    4211    8144    6016    3029     322       0       0  333339 
  38553    2749  188737  101317    8440  112758    4828   17139   40587    1416   12497       0    6910   21214    9497   10782    1685    9227    4503   17521    2631   12022      74    1823       0     221     236      17    3471    5089    5751     758      76       0       0  122399 
   5059    1051   10145   24465     147   19224    3553    1573     952     189    2814    6910       0    4363    5317     482     163    4394   11397     756     156     212       0       0       6     130      47      89       0      48       0     128      65       0       0  123145 
  28230    3311   74538   36178    8179   11325   52519    7552   16649      22   37230   21214    4363       0   13468   21423    2370   13751   16014   18435     129   16578    3717   73644     135     135     351      13   12255    1213    2484       7       0      64       0   59898 
    720      96   30856   12470       0   32195     363      27   12026       0    1102    9497    5317   13468       0      16     109    5767    9567       6       0       4     594       0       0       0       0       5     274     248    1665     148     126       0       0   48400 
   9864   22248   48995   51396       0   46398   15896       6   37473       0    5815   10782     482   21423      16       0       0      19    4736      79    3408       0       0     172    1003       5     412      20     271     748    1339    2636     222       0       0   80022 
     42       0   46023   11945       0   21052    1830     532   20052       0       4    1685     163    2370     109       0       0       0    2976       0       0       0       0       0       0     231       6       0     311     202     729     171       0       0       0   29263 
    355     239   68303   59714     143   51868     862     416   38781       0    4502    9227    4394   13751    5767      19       0       0    1793    9393      75     111       0       0       0       0      41       7     340    4723    1122    2765     378       0       0  100181 
   7970     198   84931   61083    4273  100469    2355   12109   32922     934    3835    4503   11397   16014    9567    4736    2976    1793       0    8302    1091    7302       0     459       0     397     149      54    1964    1198     886    2758     614       0       0  158555 
   2293    1044   31486   38945      11   31891      35       9    9081      99    9969   17521     756   18435       6      79       0    9393    8302       0       0      11       0       0    1566       0       0       0     105     774     157     196     242       0       0   94008 
      0       7    8345    3247      68    4046    4636      30    4866      47    2474    2631     156     129       0    3408       0      75    1091       0       0      28       0     124       0       0       0      19       0       0       0       0       0       0       0   13085 
    368    9420   19362   15846      10   18453   32736     722   15852       0    1621   12022     212   16578       4       0       0     111    7302      11      28       0       0       0       0      67      15       0      14     153     317     248     976       0      17   42959 
      0       0    8674    6987       0    7655     334      42    3124       0       0      74       0    3717     594       0       0       0       0       0       0       0       0       0       0       0       0       0     894      68      29     218       3       0       0    5675 
      0       6    1661     194       0    2938     676      12     406       0     297    1823       0   73644       0     172       0       0     459       0     124       0       0       0      27       0      62       5       0      80       6       0       0       0       0   64828 
   1240      87    5881     330      29     904     134       0    1478       5       0       0       6     135       0    1003       0       0       0    1566       0       0       0      27       0       0       0       0      46      39      16     221       0       0       0     637 
   1183      31     511     113       0      34    1320     264     459       0     928     221     130     135       0       5     231       0     397       0       0      67       0       0       0       0       0       0       0       0       0       0       0       0       0       0 
     35       0    3407    1488       0    3886     535       0    2650       0       0     236      47     351       0     412       6      41     149       0       0      15       0      62       0       0       0       0       0     905      18     519      18       0       0    2798 
     17       0      42      27      75      12      31      20      24       0      16      17      89      13       5      20       0       7      54       0      19       0       0       5       0       0       0       0       0       0       0       0       0       0       0       0 
   1003     134      50       4     180      47    2967    1213    2864       0    4211    3471       0   12255     274     271     311     340    1964     105       0      14     894       0      46       0       0       0       0       0       0       0       0      37       0   20235 
  11313      67      34       0     209       0    3401      61      62       0    8144    5089      48    1213     248     748     202    4723    1198     774       0     153      68      80      39       0     905       0       0       0       0       0       0       0       0   11565 
    891     905     578    1082     453   11359    1370    2291       0       0    6016    5751       0    2484    1665    1339     729    1122     886     157       0     317      29       6      16       0      18       0       0       0       0       0       0     104       0   10738 
    673      35      94       0      19       0    5980    2328    4489       0    3029     758     128       7     148    2636     171    2765    2758     196       0     248     218       0     221       0     519       0       0       0       0       0       0      49       0    4257 
   2476       0      27       0      20     615    2405      78      14       0     322      76      65       0     126     222       0     378     614     242       0     976       3       0       0       0      18       0       0       0       0       0       0       0       0    3399 
      0       0    2118    3403       0    3177       0       0     736       0       0       0       0      64       0       0       0       0       0       0       0       0       0       0       0       0       0       0      37       0     104      49       0       0       0       0 
      0       5      17       0       5       0       0       0       0       0       0       0       0       0       0       0       0       0       0       0       0      17       0       0       0       0       0       0       0       0       0       0       0       0       0       0 
 275086  116685  489936  284768   81503  308936  218965  202708   95352   67945  333339  122399  123145   59898   48400   80022   29263  100181  158555   94008   13085   42959    5675   64828     637       0    2798       0   20235   11565   10738    4257    3399       0       0       0 

