n = 40
      0    3996    1957  157114  107822   24614   52580   61772   78881   67019   30254   15890   33672   36141   26963   15003       0   11226    4640    4163    1442    6167       0       0       0    2664    5131   17855       0       0    9699     439       0    2872    2130       0     486     515       0  132030 
   3996       0   44344   76672   82429   49932   97875   48267   52986   56585   47507   23598   33550   50768   12257    4866       0   11331   16536    1429   29934    9984     181       0     612    6427    1442    4081       0       0       0       0       0     616    1430       0       0       0       0  194108 
   1957   44344       0   95190   67153   19160  192928   59913   46809   20429   50675    5554   27413   26938   14702   12747   49012   14629    9366       0    6147   12991       0       0    3831     549    9135    1573       0       0       0       0       0     828     628       0       0       0       0  703844 
 157114   76672   95190       0    3864   55897     270   11618   45088    1577    3353   19087    9164     522       0     646    9916       0     949     267       0     191    1110       0    2021       0       0       0    5708    1652     439     317    8581     253    1843       0     445     259       0  235946 
 107822   82429   67153    3864       0   35556    4850   10543   40162    4703    6011    7446   28684    2422    7580    4388     761   11545    6882     236    1640       0    2530    6532    4424       0     583       0    6289    2758       0       0       0       0       0     431       0     312       0   48500 
  24614   49932   19160   55897   35556       0   43826   51694   39881   20448   57843    8549    7782   22874   25140   10057    2194   12046    7520     333    8137    1521       0       0       0    9809       0    7691     440       0     446       0       0       0       0     403       0       0       0   31333 
  52580   97875  192928     270    4850   43826       0   16146     181    2431    3536   18384       0     539       0       0       0       0     566       0       0       0    1522       0    2644       0       0       0     489     678       0     756       0       0     314       0       0       0     186  192320 
  61772   48267   59913   11618   10543   51694   16146       0   57093       0   18644   23050       0       0     876    2992       0    4036       0     312    5523    5274       0     232    1923       0       0       0    8320    1652       0    6025       0       0       0    2176       0       0    3439   65580 
  78881   52986   46809   45088   40162   39881     181   57093       0       0    1513   27060     688    4096     181     362    6646       0    1130       0       0    5554    3827    2636    2740       0       0    2196    4197    1133       0     215       0     895       0     880     220       0       0   48512 
  67019   56585   20429    1577    4703   20448    2431       0       0       0       0   18119   19005    2780       0     253     314       0    3406       0       0       0    1976    1780     368       0       0       0       0     863       0    4381       0       0     239     645       0    1335    2846   60574 
  30254   47507   50675    3353    6011   57843    3536   18644    1513       0       0    7551       0    4065       0       0       0       0       0       0       0    3873    1079     782    3559       0       0     388     624     493       0     186       0       0       0     627       0       0       0   64860 
  15890   23598    5554   19087    7446    8549   18384   23050   27060   18119    7551       0    7448   14592    1835    1500       0   11781    1203   14343    1503     519       0     715     294     931    1330     213     963       0       0       0       0       0     323       0       0       0       0   12033 
  33672   33550   27413    9164   28684    7782       0       0     688   19005       0    7448       0    7796       0       0       0       0     252       0     296       0    1861     598    1194       0       0    2308       0     710       0    2026       0       0       0       0       0       0       0   72325 
  36141   50768   26938     522    2422   22874     539       0    4096    2780    4065   14592    7796       0    2363     702       0    2668    5601       0       0    4270       0       0    2402       0       0       0     183       0       0     396       0       0       0       0     445       0       0   37857 
  26963   12257   14702       0    7580   25140       0     876     181       0       0    1835       0    2363       0       0    1210       0       0       0       0       0     546     493    1836       0       0       0     386       0       0       0       0       0       0     283       0       0       0   15244 
  15003    4866   12747     646    4388   10057       0    2992     362     253       0    1500       0     702       0       0       0       0       0       0       0       0       0       0    2428       0       0     198       0     236       0       0       0       0     305       0       0       0       0   25760 
      0       0   49012    9916     761    2194       0       0    6646     314       0       0       0       0    1210       0       0       0       0       0   24304     213       0       0       0       0       0       0       0       0       0       0       0       0       0       0       0       0       0     955 
  11226   11331   14629       0   11545   12046       0    4036       0       0       0   11781       0    2668       0       0       0       0     429       0       0     200     754     854       0       0       0       0       0    1017       0       0       0       0       0       0       0       0       0   12562 
   4640   16536    9366     949    6882    7520     566       0    1130    3406       0    1203     252    5601       0       0       0     429       0       0       0       0       0     184       0       0       0       0       0       0       0    2026       0       0       0       0    1821       0       0   15900 
   4163    1429       0     267     236     333       0     312       0       0       0   14343       0       0       0       0       0       0       0       0       0       0       0     299       0       0       0       0       0       0       0       0       0       0       0       0       0       0       0    7303 
   1442   29934    6147       0    1640    8137       0    5523       0       0       0    1503     296       0       0       0   24304       0       0       0       0       0       0       0       0       0       0       0       0       0    8815       0       0       0       0       0       0       0       0     362 
   6167    9984   12991     191       0    1521       0    5274    5554       0    3873     519       0    4270       0       0     213     200       0       0       0       0       0       0       0       0       0       0       0       0     181       0       0    1125       0       0       0       0       0   14038 
      0     181       0    1110    2530       0    1522       0    3827    1976    1079       0    1861       0     546       0       0     754       0       0       0       0       0       0       0       0       0       0       0       0       0       0       0       0       0       0       0       0       0    1615 
      0       0       0       0    6532       0       0     232    2636    1780     782     715     598       0     493       0       0     854     184     299       0       0       0       0       0       0       0     449       0       0       0       0       0       0       0       0       0       0       0    4705 
      0     612    3831    2021    4424       0    2644    1923    2740     368    3559     294    1194    2402    1836    2428       0       0       0       0       0       0       0       0       0     294       0       0       0       0       0       0       0       0       0       0       0       0       0       0 
   2664    6427     549       0       0    9809       0       0       0       0       0     931       0       0       0       0       0       0       0       0       0       0       0       0     294       0       0       0       0       0       0       0       0       0       0       0       0       0       0    6457 
   5131    1442    9135       0     583       0       0       0       0       0       0    1330       0       0       0       0       0       0       0       0       0       0       0       0       0       0       0       0       0       0       0     181       0       0       0       0       0       0       0    6292 
  17855    4081    1573       0       0    7691       0       0    2196       0     388     213    2308       0       0     198       0       0       0       0       0       0       0     449       0       0       0       0       0       0       0       0       0       0       0       0       0       0       0       0 
      0       0       0    5708    6289     440     489    8320    4197       0     624     963       0     183     386       0       0       0       0       0       0       0       0       0       0       0       0       0       0       0       0       0       0       0       0       0       0       0       0    1228 
      0       0       0    1652    2758       0     678    1652    1133     863     493       0     710       0       0     236       0    1017       0       0       0       0       0       0       0       0       0       0       0       0       0       0       0       0       0       0       0       0       0       0 
   9699       0       0     439       0     446       0       0       0       0       0       0       0       0       0       0       0       0       0       0    8815     181       0       0       0       0       0       0       0       0       0       0       0       0       0       0       0       0       0     182 
    439       0       0     317       0       0     756    6025     215    4381     186       0    2026     396       0       0       0       0    2026       0       0       0       0       0       0       0     181       0       0       0       0       0       0       0       0       0       0       0       0    1006 
      0       0       0    8581       0       0       0       0       0       0       0       0       0       0       0       0       0       0       0       0       0       0       0       0       0       0       0       0       0       0       0       0       0       0       0       0       0       0       0    8581 
   2872     616     828     253       0       0       0       0     895       0       0       0       0       0       0       0       0       0       0       0       0    1125       0       0       0       0       0       0       0       0       0       0       0       0       0       0       0       0       0    4273 
   2130    1430     628    1843       0       0     314       0       0     239       0     323       0       0       0     305       0       0       0       0       0       0       0       0       0       0       0       0       0       0       0       0       0       0       0       0       0       0       0       0 
      0       0       0       0     431     403       0    2176     880     645     627       0       0       0     283       0       0       0       0       0       0       0       0       0       0       0       0       0       0       0       0       0       0       0       0       0       0       0       0     195 
    486       0       0     445       0       0       0       0     220       0       0       0       0     445       0       0       0       0    1821       0       0       0       0       0       0       0       0       0       0       0       0       0       0       0       0       0       0       0       0    2529 
    515       0       0     259     312       0       0       0       0    1335       0       0       0       0       0       0       0       0       0       0       0       0       0       0       0       0       0       0       0       0       0       0       0       0       0       0       0       0       0    2999 
      0       0       0       0       0       0     186    3439       0    2846       0       0       0       0       0       0       0       0       0       0       0       0       0       0       0       0       0       0       0       0       0       0       0       0       0       0       0       0       0     832 
 132030  194108  703844  235946   48500   31333  192320   65580   48512   60574   64860   12033   72325   37857   15244   25760     955   12562   15900    7303     362   14038    1615    4705       0    6457    6292       0    1228       0     182    1006    8581    4273       0     195    2529    2999     832       0 
