n = 40
      0    5119    4167  152756  139302   31857   88787   78188   70160   72831   34938   22071   26108   46604   38122   11667     416   11726    7996    3297    2593   19801       0       0       0    1171    5565    5283       0     255    5206       0       0    1096     845       0     768       0       0  618777 
   5119       0    2383  105833  103830   42436  132886  116989   62420   53780   37329   27416   49570   73493   25045    4768       0   13238   30854    2822   27616   10388       0       0    7094   11327    5623    1482       0       0       0    3582       0       0     614       0       0       0       0  715771 
   4167    2383       0  159839   81244   25206   68762   43796   54875   26869   50016   16196   27047   36618   18255    9782   44768   11811   26151     410    2711   19839       0       0       0     181   11194    1267       0       0       0       0       0     448     628       0       0       0       0  282941 
 152756  105833  159839       0    6401   56468    2944    9628   34225    1138    4066   20425    6130     533       0    1122    8080     191    2522       0       0     191    6289    2873    9821       0       0       0    6852    7214       0     940     265       0    1367       0       0       0       0  345586 
 139302  103830   81244    6401       0   63888    3767    7454   46807   13141   10270   14203   43422    2660    2990    2047       0   10934   25337       0    2013       0    1801   12048    1044       0     193       0    6879    5534       0       0       0       0       0       0       0       0       0   70177 
  31857   42436   25206   56468   63888       0   48914   43487   42998   26750   53631   13223    7075   40169   25992   18706     755    8967    8673     333    4616    2576     183    1385       0    7320     182    3767     699       0     446       0       0       0       0     281       0     187       0   21395 
  88787  132886   68762    2944    3767   48914       0   19886     215     829       0   14202     465     288     194       0     351       0       0       0       0       0    2839     183    2445       0       0       0     990       0       0    3947       0       0     314       0       0       0       0   92295 
  78188  116989   43796    9628    7454   43487   19886       0   68992       0   14909   20532       0       0    6094    3272    5736    5041       0       0    9130    7396       0     225    1746       0       0       0    8061    2629       0    4945       0       0       0    1244       0     187    1370  103311 
  70160   62420   54875   34225   46807   42998     215   68992       0       0    2025   33036     236    6511       0       0     200       0     721       0       0   21338    2019    2741    1706       0     182     998    1061    2118       0       0       0     858       0     686     552       0     287   74484 
  72831   53780   26869    1138   13141   26750     829       0       0       0       0   19814   12013    2508       0       0     314     579    5628       0       0       0    3817     883       0       0       0       0    2355     181       0    5135       0       0       0     951       0    4326    1082   83538 
  34938   37329   50016    4066   10270   53631       0   14909    2025       0       0   12011     521    3255       0       0       0       0       0       0       0    2917    3505       0    1739       0       0       0       0       0       0     337       0       0     279     307       0       0       0   51363 
  22071   27416   16196   20425   14203   13223   14202   20532   33036   19814   12011       0    9778   22874     776    5680       0    8820    3367   13794    1284    1346     558       0     189    1146    3249     654     575       0       0       0       0       0     229       0       0       0       0   27116 
  26108   49570   27047    6130   43422    7075     465       0     236   12013     521    9778       0    5821       0     189     450     181       0       0     588       0    1615     912     762       0       0    2123     183    6774     581    1207       0       0       0       0       0       0       0  112083 
  46604   73493   36618     533    2660   40169     288       0    6511    2508    3255   22874    5821       0    7639     229       0    5571    4605       0       0   16564     433     245    3762       0       0       0    1485     346       0    1262       0       0     229       0       0       0       0   37381 
  38122   25045   18255       0    2990   25992     194    6094       0       0       0     776       0    7639       0       0       0       0       0       0       0       0     226    1083    1963       0       0       0    1066       0       0       0       0       0       0       0       0       0       0   15086 
  11667    4768    9782    1122    2047   18706       0    3272       0       0       0    5680     189     229       0       0       0       0       0       0       0       0     195     181     875       0       0       0       0       0       0       0       0       0     192       0       0       0       0   19728 
    416       0   44768    8080       0     755     351    5736     200     314       0       0     450       0       0       0       0     761       0       0   26399    1448       0       0       0    1317     182       0       0       0       0       0       0       0       0       0       0       0       0     815 
  11726   13238   11811     191   10934    8967       0    5041       0     579       0    8820     181    5571       0       0     761       0       0       0       0       0     250     880       0       0       0       0    1115       0       0       0       0       0     282     275       0       0       0   13769 
   7996   30854   26151    2522   25337    8673       0       0     721    5628       0    3367       0    4605       0       0       0       0       0       0       0       0       0     521       0       0     215       0     183       0       0    1207       0       0       0       0       0       0       0   15107 
   3297    2822     410       0       0     333       0       0       0       0       0   13794       0       0       0       0       0       0       0       0       0       0       0       0       0       0       0       0       0       0       0       0       0       0       0       0       0       0       0    7929 
   2593   27616    2711       0    2013    4616       0    9130       0       0       0    1284     588       0       0       0   26399       0       0       0       0       0       0       0       0       0       0       0       0       0    4178       0       0       0       0       0       0       0       0     364 
  19801   10388   19839     191       0    2576       0    7396   21338       0    2917    1346       0   16564       0       0    1448       0       0       0       0       0       0       0       0       0       0       0       0       0       0       0       0       0       0       0       0       0       0   20800 
      0       0       0    6289    1801     183    2839       0    2019    3817    3505     558    1615     433     226     195       0     250       0       0       0       0       0       0       0       0       0       0       0       0       0       0       0       0       0       0       0       0       0    5123 
      0       0       0    2873   12048    1385     183     225    2741     883       0       0     912     245    1083     181       0     880     521       0       0       0       0       0       0       0       0     449       0       0       0       0       0       0       0       0       0       0       0    6364 
      0    7094       0    9821    1044       0    2445    1746    1706       0    1739     189     762    3762    1963     875       0       0       0       0       0       0       0       0       0       0       0     348       0       0       0       0       0       0       0       0       0       0       0     594 
   1171   11327     181       0       0    7320       0       0       0       0       0    1146       0       0       0       0    1317       0       0       0       0       0       0       0       0       0       0       0       0       0       0       0       0       0       0       0       0       0       0    2252 
   5565    5623   11194       0     193     182       0       0     182       0       0    3249       0       0       0       0     182       0     215       0       0       0       0       0       0       0       0       0       0       0       0     412       0       0       0       0       0       0       0   18885 
   5283    1482    1267       0       0    3767       0       0     998       0       0     654    2123       0       0       0       0       0       0       0       0       0       0     449     348       0       0       0     191     549       0       0       0       0       0       0       0       0       0     753 
      0       0       0    6852    6879     699     990    8061    1061    2355       0     575     183    1485    1066       0       0    1115     183       0       0       0       0       0       0       0       0     191       0       0       0       0       0       0       0       0       0       0       0     760 
    255       0       0    7214    5534       0       0    2629    2118     181       0       0    6774     346       0       0       0       0       0       0       0       0       0       0       0       0       0     549       0       0       0       0       0       0       0       0       0       0       0     964 
   5206       0       0       0       0     446       0       0       0       0       0       0     581       0       0       0       0       0       0       0    4178       0       0       0       0       0       0       0       0       0       0       0       0       0       0       0       0       0       0       0 
      0    3582       0     940       0       0    3947    4945       0    5135     337       0    1207    1262       0       0       0       0    1207       0       0       0       0       0       0       0     412       0       0       0       0       0       0       0       0       0       0       0       0    1262 
      0       0       0     265       0       0       0       0       0       0       0       0       0       0       0       0       0       0       0       0       0       0       0       0       0       0       0       0       0       0       0       0       0       0       0       0       0       0       0     265 
   1096       0     448       0       0       0       0       0     858       0       0       0       0       0       0       0       0       0       0       0       0       0       0       0       0       0       0       0       0       0       0       0       0       0       0       0       0       0       0    1854 
    845     614     628    1367       0       0     314       0       0       0     279     229       0     229       0     192       0     282       0       0       0       0       0       0       0       0       0       0       0       0       0       0       0       0       0       0       0       0       0     229 
      0       0       0       0       0     281       0    1244     686     951     307       0       0       0       0       0       0     275       0       0       0       0       0       0       0       0       0       0       0       0       0       0       0       0       0       0       0       0       0     643 
    768       0       0       0       0       0       0       0     552       0       0       0       0       0       0       0       0       0       0       0       0       0       0       0       0       0       0       0       0       0       0       0       0       0       0       0       0       0       0    1320 
      0       0       0       0       0     187       0     187       0    4326       0       0       0       0       0       0       0       0       0       0       0       0       0       0       0       0       0       0       0       0       0       0       0       0       0       0       0       0       0    4326 
      0       0       0       0       0       0       0    1370     287    1082       0       0       0       0       0       0       0       0       0       0       0       0       0       0       0       0       0       0       0       0       0       0       0       0       0       0       0       0       0       0 
 618777  715771  282941  345586   70177   21395   92295  103311   74484   83538   51363   27116  112083   37381   15086   19728     815   13769   15107    7929     364   20800    5123    6364     594    2252   18885     753     760     964       0    1262     265    1854     229     643    1320    4326       0       0 
