n = 34
     0  83604      0   3759  14901  40852  32253   1043    932      8      0   8611     79   1213      0      0  23489     61   2291      0      5      3   2328     54     78      0      0     12      0      9      0     10      0  83555 
 83604      0    806  71469  89086   3303   4209  51028 124743   1753  16938  85680  36890     50  45295  24740  31213     34    578   5768  12267   8630     94  15412     27   2390   2651   7595   2118     14   1425     13     17 304282 
     0    806      0  70515    495    162   2938    459    174      0      0   1805      0      0      0      0    330     80      6      0      0      0      0      0      0      0     62      0      0      0      4      0      0  63172 
  3759  71469  70515      0  41245    128   6416   4017  18846   4286  11546   4574   8678  12255  10346  14906  14021   1213   2484   1176   6228   9764      7   2349      0   4933    314   2270     64      0     46      0      0  44359 
 14901  89086    495  41245      0  75170  45963    130   3820     15      0    817    386   2967  25285   7476  16496   3401   1370      5      0   5916   5980   1056   2405    864    506     78      0     10      0      0      0 133479 
 40852   3303    162    128  75170      0     62  43729  64847  14166  26682  52128  35848      4  33374  33177   6397      0   1082  10548   5550  10154      0   5981      0   1768   1387   5877   3403    277    137     53      0 180958 
 32253   4209   2938   6416  45963     62      0  68886  53740  10632  20979  75412  30841     47  37078  27028   8119      0  11359  27024  24290   9514      0  11295    615   2105   3500   7128   3177     31    274     13      0 225268 
  1043  51028    459   4017    130  43729  68886      0    286     20   2140   1991   1112   1964   1852   1641   7722   1198    886      0   4177   5511   2758   2170    614    218    108      0      0      5      0      0      0 116417 
   932 124743    174  18846   3820  64847  53740    286      0     12   4573   3053    843   4211  46301   3193  28515   8144   6016    108    136    113   3029      4    322    164      0      0      0      0      0      0      0 195879 
     8   1753      0   4286     15  14166  10632     20     12      0      0      0      6      0      3      0      0     48      0      0      0      6    128      0     65      0      0      0      0      0      0     15      0  64121 
     0  16938      0  11546      0  26682  20979   2140   4573      0      0   8499   5432    105    346     79   4963    774    157      0      0      0    196      0    242      6      0      0      0      0    360      5      0  65168 
  8611  85680   1805   4574    817  52128  75412   1991   3053      0   8499      0   4121   3471  21711   5931  16897   5089   5751      8   6019   5291    758    465     76    957    236     65      0      0      0      0      0  53550 
    79  36890      0   8678    386  35848  30841   1112    843      6   5432   4121      0    340     28     15  22031   4723   1122      5   4035     10   2765      0    378      0     41      0      0     36      0      0      0  50243 
  1213     50      0  12255   2967      4     47   1964   4211      0    105   3471    340      0   1003    271   2864      0      0    134    274     14      0    311      0    180      0    894     37      0     46      0      0  20235 
     0  45295      0  10346  25285  33374  37078   1852  46301      3    346  21711     28   1003      0   1959  17539  11313    891      4    152     10    673     42   2476      5     25      0      0      0    279      5      0  54327 
     0  24740      0  14906   7476  33177  27028   1641   3193      0     79   5931     15    271   1959      0  21012    748   1339   7323      0      0   2636      0    222      0    412      0      0     30    216      0      0  49048 
 23489  31213    330  14021  16496   6397   8119   7722  28515      0   4963  16897  22031   2864  17539  21012      0     62      0   3571   8765   5566   4489   9877     14   3500   1992   3078    736     56    570     14      0  24512 
    61     34     80   1213   3401      0      0   1198   8144     48    774   5089   4723      0  11313    748     62      0      0     67    248    153      0    202      0    209    905     68      0      0     39      0      0  11565 
  2291    578      6   2484   1370   1082  11359    886   6016      0    157   5751   1122      0    891   1339      0      0      0    905   1665    317      0    729      0    453     18     29    104      0     16      0      0  10738 
     0   5768      0   1176      5  10548  27024      0    108      0      0      8      5    134      4   7323   3571     67    905      0      0      0     35      0      0      0      0      0      0      0      4      0      5  35324 
     5  12267      0   6228      0   5550  24290   4177    136      0      0   6019   4035    274    152      0   8765    248   1665      0      0      4    148     63    126      0      0     90      0      0      0      0      0  12130 
     3   8630      0   9764   5916  10154   9514   5511    113      6      0   5291     10     14     10      0   5566    153    317      0      4      0    248      0    976     10     15      0      0     13      0      0     17   6883 
  2328     94      0      7   5980      0      0   2758   3029    128    196    758   2765      0    673   2636   4489      0      0     35    148    248      0    171      0     19    519    218     49      0    221      0      0   4257 
    54  15412      0   2349   1056   5981  11295   2170      4      0      0    465      0    311     42      0   9877    202    729      0     63      0    171      0      0      0      0      0      0      0      0      0      0  24089 
    78     27      0      0   2405      0    615    614    322     65    242     76    378      0   2476    222     14      0      0      0    126    976      0      0      0     20     18      3      0      0      0      0      0   3399 
     0   2390      0   4933    864   1768   2105    218    164      0      6    957      0    180      5      0   3500    209    453      0      0     10     19      0     20      0      0      0      0      0      0      0      5   9080 
     0   2651     62    314    506   1387   3500    108      0      0      0    236     41      0     25    412   1992    905     18      0      0     15    519      0     18      0      0      0      0      0      0      0      0   2739 
    12   7595      0   2270     78   5877   7128      0      0      0      0     65      0    894      0      0   3078     68     29      0     90      0    218      0      3      0      0      0      0      0      0      0      0   2745 
     0   2118      0     64      0   3403   3177      0      0      0      0      0      0     37      0      0    736      0    104      0      0      0     49      0      0      0      0      0      0      0      0      0      0      0 
     9     14      0      0     10    277     31      5      0      0      0      0     36      0      0     30     56      0      0      0      0     13      0      0      0      0      0      0      0      0      0      0      0    373 
     0   1425      4     46      0    137    274      0      0      0    360      0      0     46    279    216    570     39     16      4      0      0    221      0      0      0      0      0      0      0      0      0      0     65 
    10     13      0      0      0     53     13      0      0     15      5      0      0      0      5      0     14      0      0      0      0      0      0      0      0      0      0      0      0      0      0      0      0     40 
     0     17      0      0      0      0      0      0      0      0      0      0      0      0      0      0      0      0      0      5      0     17      0      0      0      5      0      0      0      0      0      0      0      0 
 83555 304282  63172  44359 133479 180958 225268 116417 195879  64121  65168  53550  50243  20235  54327  49048  24512  11565  10738  35324  12130   6883   4257  24089   3399   9080   2739   2745      0    373     65     40      0      0 
